Transaction Type Index,Transaction Name,Start Time (microseconds),Latency (microseconds),Worker Id (start number),Phase Id (index in config file)
2,Payment,1763850161,763102,67845,10,1
1,NewOrder,1763850161,763104,1827886,17,1
1,NewOrder,1763850161,763106,1956397,21,1
2,Payment,1763850161,763106,888275,15,1
2,Payment,1763850161,763120,58655,19,1
2,Payment,1763850161,763202,117272,16,1
1,NewOrder,1763850161,763232,1956643,9,1
1,NewOrder,1763850161,763237,886631,12,1
1,NewOrder,1763850161,763306,1885476,6,1
2,Payment,1763850161,763711,67495,8,1
1,NewOrder,1763850161,763718,514552,29,1
1,NewOrder,1763850161,763752,514040,27,1
2,Payment,1763850161,763825,885680,30,1
2,Payment,1763850161,763929,122279,31,1
1,NewOrder,1763850161,763967,163677,25,1
2,Payment,1763850161,764085,75959,0,1
2,Payment,1763850161,764367,1342982,33,1
2,Payment,1763850161,764521,114904,7,1
1,NewOrder,1763850161,764587,1951558,1,1
2,Payment,1763850161,764822,49807,22,1
1,NewOrder,1763850161,764907,886113,35,1
1,NewOrder,1763850161,764911,1952400,18,1
2,Payment,1763850161,768747,1873481,34,1
2,Payment,1763850161,772114,91450,20,1
4,Delivery,1763850161,772490,146616,36,1
2,Payment,1763850161,774217,1873978,37,1
2,Payment,1763850161,774270,2067193,39,1
2,Payment,1763850161,775136,1386916,38,1
1,NewOrder,1763850161,777107,1940214,40,1
2,Payment,1763850161,777156,61712,41,1
1,NewOrder,1763850161,777450,1278403,3,1
1,NewOrder,1763850161,777938,1938059,42,1
2,Payment,1763850161,778432,2191910,2,1
1,NewOrder,1763850161,778564,1937526,43,1
2,Payment,1763850161,781720,2236360,44,1
2,Payment,1763850161,782680,2220475,45,1
1,NewOrder,1763850161,782715,1932621,46,1
3,OrderStatus,1763850161,783205,32951,14,1
2,Payment,1763850161,783739,61588,47,1
1,NewOrder,1763850161,783977,1932217,48,1
2,Payment,1763850161,784629,127336,49,1
5,StockLevel,1763850161,785904,31197,4,1
2,Payment,1763850161,789480,2134223,5,1
1,NewOrder,1763850161,790795,860611,13,1
1,NewOrder,1763850161,792025,1856811,11,1
1,NewOrder,1763850161,792183,2214360,32,1
2,Payment,1763850161,793782,1551030,28,1
2,Payment,1763850161,794379,1854440,26,1
1,NewOrder,1763850161,794882,1922277,24,1
2,Payment,1763850161,797176,2172794,23,1
2,Payment,1763850161,816378,2024726,14,1
1,NewOrder,1763850161,817169,892814,4,1
2,Payment,1763850161,819504,2227719,22,1
2,Payment,1763850161,821854,2180853,19,1
3,OrderStatus,1763850161,831025,19783,10,1
2,Payment,1763850161,831252,2215752,8,1
1,NewOrder,1763850161,838944,2519153,41,1
1,NewOrder,1763850161,840114,2342708,0,1
2,Payment,1763850161,847251,2264666,47,1
2,Payment,1763850161,850854,2141175,10,1
1,NewOrder,1763850161,863644,2349068,20,1
1,NewOrder,1763850161,879500,2500897,7,1
2,Payment,1763850161,881109,2165658,16,1
2,Payment,1763850161,886726,2240577,31,1
2,Payment,1763850161,912035,2282413,49,1
1,NewOrder,1763850161,919186,2207146,36,1
2,Payment,1763850161,927717,1915090,25,1
2,Payment,1763850162,277875,1744277,27,1
3,OrderStatus,1763850162,278336,781450,29,1
2,Payment,1763850162,649600,1532537,30,1
1,NewOrder,1763850162,650033,1737054,12,1
1,NewOrder,1763850162,651087,1396615,35,1
2,Payment,1763850162,651429,1498978,15,1
2,Payment,1763850162,651468,1871376,13,1
2,Payment,1763850162,710058,1676962,4,1
2,Payment,1763850163,055939,1431229,3,1
2,Payment,1763850163,059884,1065868,29,1
2,Payment,1763850163,107470,1148725,33,1
1,NewOrder,1763850163,162165,998331,38,1
1,NewOrder,1763850163,344919,1130502,28,1
1,NewOrder,1763850163,591097,849583,17,1
2,Payment,1763850163,642324,744696,34,1
2,Payment,1763850163,648309,732034,37,1
3,OrderStatus,1763850163,648852,7713,6,1
1,NewOrder,1763850163,648899,760550,26,1
2,Payment,1763850163,648914,1001553,11,1
2,Payment,1763850163,656619,752676,6,1
1,NewOrder,1763850163,715416,753750,46,1
1,NewOrder,1763850163,716091,693230,42,1
2,Payment,1763850163,716167,770850,43,1
2,Payment,1763850163,716196,837306,1,1
1,NewOrder,1763850163,716237,672534,48,1
2,Payment,1763850163,717263,770547,24,1
1,NewOrder,1763850163,717378,692154,40,1
2,Payment,1763850163,717391,775786,18,1
2,Payment,1763850163,719843,734734,21,1
2,Payment,1763850163,719967,832677,9,1
5,StockLevel,1763850163,841175,285979,14,1
1,NewOrder,1763850163,841542,654378,39,1
1,NewOrder,1763850163,842861,577426,25,1
2,Payment,1763850163,923785,737842,5,1
1,NewOrder,1763850163,970070,382384,23,1
2,Payment,1763850163,970410,660295,2,1
3,OrderStatus,1763850163,992086,55843,10,1
1,NewOrder,1763850164,002780,406747,19,1
2,Payment,1763850164,003220,581887,45,1
2,Payment,1763850164,006649,498053,32,1
3,OrderStatus,1763850164,018172,53099,44,1
2,Payment,1763850164,022209,500655,27,1
2,Payment,1763850164,046839,506488,16,1
5,StockLevel,1763850164,047050,90883,8,1
2,Payment,1763850164,047294,559864,22,1
5,StockLevel,1763850164,047774,88052,35,1
2,Payment,1763850164,047947,782688,10,1
2,Payment,1763850164,071718,480928,44,1
1,NewOrder,1763850164,112069,284785,47,1
5,StockLevel,1763850164,125820,315913,29,1
2,Payment,1763850164,126375,427254,36,1
2,Payment,1763850164,127209,749817,14,1
2,Payment,1763850164,127343,467676,31,1
5,StockLevel,1763850164,135894,24603,35,1
2,Payment,1763850164,137995,633650,8,1
2,Payment,1763850164,150581,527292,15,1
2,Payment,1763850164,160573,632552,35,1
2,Payment,1763850164,160707,516426,38,1
2,Payment,1763850164,182205,467160,30,1
2,Payment,1763850164,182998,573159,0,1
3,OrderStatus,1763850164,195364,126763,49,1
2,Payment,1763850164,212790,523736,20,1
2,Payment,1763850164,256266,580480,33,1
1,NewOrder,1763850164,322183,452075,49,1
2,Payment,1763850164,352524,517737,23,1
1,NewOrder,1763850164,358163,496474,41,1
4,Delivery,1763850164,380406,440067,37,1
2,Payment,1763850164,380448,496403,7,1
2,Payment,1763850164,387091,489762,34,1
1,NewOrder,1763850164,387092,476008,4,1
2,Payment,1763850164,387130,597852,12,1
1,NewOrder,1763850164,388826,447680,48,1
1,NewOrder,1763850164,396920,422842,47,1
2,Payment,1763850164,409373,574721,6,1
2,Payment,1763850164,409487,153882,26,1
1,NewOrder,1763850164,409491,283416,42,1
1,NewOrder,1763850164,409558,471281,19,1
3,OrderStatus,1763850164,409576,59432,40,1
2,Payment,1763850164,420363,286790,25,1
3,OrderStatus,1763850164,440740,28041,17,1
2,Payment,1763850164,441804,395546,29,1
2,Payment,1763850164,454627,529294,21,1
1,NewOrder,1763850164,468873,401388,17,1
1,NewOrder,1763850164,469086,407753,40,1
1,NewOrder,1763850164,469209,286099,46,1
2,Payment,1763850164,475513,409333,28,1
5,StockLevel,1763850164,487205,334867,43,1
1,NewOrder,1763850164,487217,383182,3,1
2,Payment,1763850164,487875,756206,24,1
1,NewOrder,1763850164,493268,383570,18,1
1,NewOrder,1763850164,496010,374252,39,1
1,NewOrder,1763850164,504804,499132,32,1
2,Payment,1763850164,522972,737812,13,1
1,NewOrder,1763850164,522997,631272,27,1
1,NewOrder,1763850164,552786,980749,9,1
4,Delivery,1763850164,552799,877846,44,1
2,Payment,1763850164,553390,359162,16,1
2,Payment,1763850164,553559,345835,1,1
2,Payment,1763850164,553783,367989,36,1
2,Payment,1763850164,563463,793212,26,1
4,Delivery,1763850164,585249,227241,45,1
2,Payment,1763850164,595104,578128,31,1
2,Payment,1763850164,607237,765810,22,1
3,OrderStatus,1763850164,630806,125706,2,1
1,NewOrder,1763850164,649461,354374,30,1
5,StockLevel,1763850164,650546,235607,11,1
2,Payment,1763850164,661807,1096937,5,1
3,OrderStatus,1763850164,677212,79960,38,1
2,Payment,1763850164,677925,285376,15,1
2,Payment,1763850164,693237,254000,42,1
2,Payment,1763850164,707313,790037,25,1
1,NewOrder,1763850164,736649,885546,20,1
2,Payment,1763850164,755447,143933,46,1
2,Payment,1763850164,756233,670666,0,1
2,Payment,1763850164,756561,368523,2,1
1,NewOrder,1763850164,757235,119704,38,1
1,NewOrder,1763850164,771798,635997,8,1
3,OrderStatus,1763850164,774335,32983,49,1
2,Payment,1763850164,793221,245652,35,1
2,Payment,1763850164,807407,176588,49,1
1,NewOrder,1763850164,812564,600479,45,1
1,NewOrder,1763850164,819834,702208,47,1
2,Payment,1763850164,820521,334462,37,1
1,NewOrder,1763850164,822134,469664,43,1
1,NewOrder,1763850164,830868,680561,10,1
1,NewOrder,1763850164,836572,673543,48,1
2,Payment,1763850164,836790,442319,33,1
1,NewOrder,1763850164,837390,167011,29,1
2,Payment,1763850164,854728,1156284,41,1
2,Payment,1763850164,863165,700311,4,1
2,Payment,1763850164,870426,507493,39,1
1,NewOrder,1763850164,870426,795053,23,1
1,NewOrder,1763850164,870430,1161919,3,1
2,Payment,1763850164,870575,257755,17,1
2,Payment,1763850164,876911,467977,34,1
5,StockLevel,1763850164,876913,592011,18,1
1,NewOrder,1763850164,876914,936785,40,1
1,NewOrder,1763850164,876918,503089,7,1
4,Delivery,1763850164,876973,399778,38,1
2,Payment,1763850164,877067,844952,14,1
1,NewOrder,1763850164,880909,719936,19,1
1,NewOrder,1763850164,884918,965037,28,1
2,Payment,1763850164,886221,1029719,11,1
1,NewOrder,1763850164,899464,492851,46,1
2,Payment,1763850164,899464,1327912,1,1
1,NewOrder,1763850164,912630,900943,16,1
1,NewOrder,1763850164,921857,870630,36,1
1,NewOrder,1763850164,947291,1337336,42,1
1,NewOrder,1763850164,963365,467540,15,1
4,Delivery,1763850164,984015,370596,21,1
2,Payment,1763850164,984145,625477,49,1
1,NewOrder,1763850164,984194,1067315,6,1
1,NewOrder,1763850164,985049,616226,12,1
1,NewOrder,1763850165,004001,628244,30,1
1,NewOrder,1763850165,004522,830898,32,1
2,Payment,1763850165,007394,1096197,29,1
5,StockLevel,1763850165,038976,552137,35,1
1,NewOrder,1763850165,125183,885817,2,1
1,NewOrder,1763850165,128492,406265,17,1
2,Payment,1763850165,154382,1044833,27,1
2,Payment,1763850165,155061,846831,37,1
1,NewOrder,1763850165,173583,535812,31,1
1,NewOrder,1763850165,244339,589647,24,1
1,NewOrder,1763850165,260852,927342,13,1
1,NewOrder,1763850165,276833,414792,38,1
2,Payment,1763850165,279168,744081,33,1
2,Payment,1763850165,291899,1082034,43,1
1,NewOrder,1763850165,344967,799382,34,1
1,NewOrder,1763850165,354716,252789,21,1
1,NewOrder,1763850165,356758,584290,26,1
5,StockLevel,1763850165,373177,411453,22,1
1,NewOrder,1763850165,378682,735662,39,1
1,NewOrder,1763850165,380104,683271,7,1
1,NewOrder,1763850165,392424,670963,46,1
1,NewOrder,1763850165,407900,670320,8,1
1,NewOrder,1763850165,413559,624262,45,1
1,NewOrder,1763850165,426987,658404,0,1
1,NewOrder,1763850165,430735,903518,44,1
1,NewOrder,1763850165,430932,329401,15,1
1,NewOrder,1763850165,469022,303946,18,1
1,NewOrder,1763850165,497455,933924,25,1
1,NewOrder,1763850165,510209,557724,48,1
2,Payment,1763850165,511491,783538,10,1
2,Payment,1763850165,522179,677646,47,1
4,Delivery,1763850165,533633,3857790,9,1
5,StockLevel,1763850165,534930,465302,17,1
1,NewOrder,1763850165,563589,4632352,4,1
2,Payment,1763850165,591211,668733,35,1
2,Payment,1763850165,601354,364794,19,1
2,Payment,1763850165,601368,777603,12,1
2,Payment,1763850165,608509,299197,21,1
1,NewOrder,1763850165,609901,830426,49,1
1,NewOrder,1763850165,622377,514733,20,1
4,Delivery,1763850165,632310,224491,30,1
2,Payment,1763850165,665573,576529,23,1
1,NewOrder,1763850165,691739,427646,38,1
1,NewOrder,1763850165,709462,484111,31,1
2,Payment,1763850165,722104,728381,14,1
1,NewOrder,1763850165,758819,304568,5,1
2,Payment,1763850165,760396,343181,15,1
1,NewOrder,1763850165,773041,531133,18,1
1,NewOrder,1763850165,784711,318818,22,1
5,StockLevel,1763850165,792586,529609,36,1
1,NewOrder,1763850165,813688,556255,16,1
1,NewOrder,1763850165,813784,416163,40,1
2,Payment,1763850165,834098,479921,24,1
5,StockLevel,1763850165,835501,4228186,32,1
1,NewOrder,1763850165,850184,519689,28,1
2,Payment,1763850165,856898,406439,30,1
2,Payment,1763850165,907835,477041,21,1
2,Payment,1763850165,916033,1282080,11,1
2,Payment,1763850165,941109,594885,26,1
1,NewOrder,1763850165,966274,247932,19,1
2,Payment,1763850166,000329,566427,17,1
1,NewOrder,1763850166,001947,343834,37,1
5,StockLevel,1763850166,011049,2806505,2,1
2,Payment,1763850166,011055,420324,41,1
2,Payment,1763850166,023343,355664,33,1
2,Payment,1763850166,032441,4234925,3,1
2,Payment,1763850166,037921,1160102,45,1
1,NewOrder,1763850166,051729,178291,6,1
1,NewOrder,1763850166,063477,613275,7,1
2,Payment,1763850166,063483,2012931,46,1
2,Payment,1763850166,063805,214710,5,1
1,NewOrder,1763850166,068092,296140,48,1
1,NewOrder,1763850166,078312,568107,8,1
2,Payment,1763850166,085484,4275043,0,1
2,Payment,1763850166,103597,682249,22,1
2,Payment,1763850166,103611,1972257,15,1
1,NewOrder,1763850166,103646,239208,29,1
1,NewOrder,1763850166,114446,316933,39,1
3,OrderStatus,1763850166,119471,40634,38,1
1,NewOrder,1763850166,137199,1625324,20,1
2,Payment,1763850166,144435,505623,34,1
2,Payment,1763850166,160172,486235,38,1
1,NewOrder,1763850166,188282,3206587,13,1
1,NewOrder,1763850166,193643,1620139,31,1
5,StockLevel,1763850166,199301,4032550,27,1
1,NewOrder,1763850166,199991,3816218,47,1
1,NewOrder,1763850166,214285,3908031,19,1
2,Payment,1763850166,227493,4214659,1,1
2,Payment,1763850166,230089,556296,40,1
1,NewOrder,1763850166,230102,3940229,6,1
2,Payment,1763850166,242294,3879080,23,1
1,NewOrder,1763850166,260030,1816721,35,1
1,NewOrder,1763850166,263565,2554002,30,1
2,Payment,1763850166,278572,3994202,5,1
1,NewOrder,1763850166,284871,1636742,42,1
2,Payment,1763850166,295781,3798951,10,1
1,NewOrder,1763850166,304263,3865986,18,1
1,NewOrder,1763850166,314104,3717617,24,1
1,NewOrder,1763850166,322272,2495679,36,1
1,NewOrder,1763850166,334319,1635002,44,1
2,Payment,1763850166,342914,444046,29,1
1,NewOrder,1763850166,345822,1730233,37,1
1,NewOrder,1763850166,364284,3626137,48,1
2,Payment,1763850166,369928,563022,28,1
1,NewOrder,1763850166,369988,3660832,16,1
2,Payment,1763850166,373994,1974080,43,1
1,NewOrder,1763850166,379047,1862331,12,1
1,NewOrder,1763850166,379075,3012040,33,1
2,Payment,1763850166,384930,3835742,21,1
3,OrderStatus,1763850166,431430,106887,39,1
2,Payment,1763850166,431430,2959912,41,1
2,Payment,1763850166,431477,1225676,25,1
2,Payment,1763850166,440413,3654437,49,1
1,NewOrder,1763850166,450551,3539779,14,1
1,NewOrder,1763850166,536064,1433384,26,1
2,Payment,1763850166,538366,3493390,39,1
1,NewOrder,1763850166,566809,3510884,17,1
2,Payment,1763850166,646469,3528497,38,1
5,StockLevel,1763850166,646487,3698799,8,1
2,Payment,1763850166,650129,3481875,34,1
2,Payment,1763850166,676822,3763629,7,1
1,NewOrder,1763850166,785933,3784581,22,1
2,Payment,1763850166,786447,3215367,40,1
3,OrderStatus,1763850166,787001,613036,29,1
1,NewOrder,1763850166,933014,2459139,28,1
1,NewOrder,1763850167,198091,2818088,45,1
1,NewOrder,1763850167,198141,3118817,11,1
1,NewOrder,1763850167,400094,2502532,29,1
2,Payment,1763850167,657209,2389799,25,1
2,Payment,1763850167,762596,2951526,20,1
2,Payment,1763850167,813933,2364348,31,1
2,Payment,1763850167,921703,2219196,42,1
2,Payment,1763850167,969373,2314189,44,1
1,NewOrder,1763850167,969470,2377401,26,1
5,StockLevel,1763850168,075924,2369084,15,1
2,Payment,1763850168,076141,2220172,37,1
4,Delivery,1763850168,076495,2111406,46,1
1,NewOrder,1763850168,076789,2579769,35,1
3,OrderStatus,1763850168,241444,1262804,12,1
4,Delivery,1763850168,348142,2362626,43,1
1,NewOrder,1763850168,817627,1670918,30,1
2,Payment,1763850168,817627,1751120,2,1
1,NewOrder,1763850168,817983,1718100,36,1
2,Payment,1763850169,391187,1200272,33,1
2,Payment,1763850169,391399,1013198,41,1
2,Payment,1763850169,391881,1191082,9,1
2,Payment,1763850169,392201,1080809,28,1
2,Payment,1763850169,394935,1153388,13,1
2,Payment,1763850169,504300,1129166,12,1
1,NewOrder,1763850169,902739,436716,29,1
1,NewOrder,1763850169,990394,381151,14,1
2,Payment,1763850169,990466,242421,48,1
2,Payment,1763850170,001883,503238,40,1
2,Payment,1763850170,016257,300555,45,1
1,NewOrder,1763850170,016278,607529,47,1
1,NewOrder,1763850170,030907,202832,16,1
1,NewOrder,1763850170,031783,329309,24,1
2,Payment,1763850170,031826,687269,39,1
1,NewOrder,1763850170,047087,932307,25,1
2,Payment,1763850170,063740,615646,32,1
1,NewOrder,1763850170,077739,156219,17,1
1,NewOrder,1763850170,094808,1178931,10,1
1,NewOrder,1763850170,094900,496978,49,1
1,NewOrder,1763850170,121523,448306,23,1
2,Payment,1763850170,122413,237588,19,1
2,Payment,1763850170,132185,596939,34,1
1,NewOrder,1763850170,140955,818146,42,1
5,StockLevel,1763850170,170296,179479,18,1
2,Payment,1763850170,170373,509534,6,1
1,NewOrder,1763850170,174994,281981,38,1
1,NewOrder,1763850170,178321,842762,31,1
1,NewOrder,1763850170,187941,343456,46,1
1,NewOrder,1763850170,195978,601048,4,1
2,Payment,1763850170,220729,596685,21,1
1,NewOrder,1763850170,231905,497193,27,1
1,NewOrder,1763850170,232930,335685,48,1
1,NewOrder,1763850170,233775,448636,16,1
2,Payment,1763850170,234002,208669,17,1
5,StockLevel,1763850170,267423,375311,3,1
1,NewOrder,1763850170,272893,615873,5,1
2,Payment,1763850170,283623,824664,44,1
1,NewOrder,1763850170,296374,842442,37,1
2,Payment,1763850170,316872,398261,45,1
1,NewOrder,1763850170,317007,515805,11,1
2,Payment,1763850170,339715,716153,29,1
2,Payment,1763850170,345337,693813,8,1
2,Payment,1763850170,346923,829227,26,1
2,Payment,1763850170,349828,417303,18,1
5,StockLevel,1763850170,360058,442728,19,1
2,Payment,1763850170,360571,528704,0,1
1,NewOrder,1763850170,361135,760426,24,1
4,Delivery,1763850170,371600,775407,14,1
2,Payment,1763850170,404827,771292,41,1
2,Payment,1763850170,440515,698347,7,1
1,NewOrder,1763850170,442197,287542,1,1
2,Payment,1763850170,442710,430070,17,1
3,OrderStatus,1763850170,445059,135999,15,1
1,NewOrder,1763850170,457031,548981,38,1
1,NewOrder,1763850170,473067,828315,28,1
2,Payment,1763850170,488610,772524,30,1
3,OrderStatus,1763850170,505170,55581,40,1
5,StockLevel,1763850170,531455,630811,46,1
1,NewOrder,1763850170,536143,491835,36,1
2,Payment,1763850170,548399,849560,13,1
1,NewOrder,1763850170,560804,806587,40,1
1,NewOrder,1763850170,568702,578307,48,1
2,Payment,1763850170,568798,418065,2,1
1,NewOrder,1763850170,569869,551702,23,1
1,NewOrder,1763850170,570553,496729,22,1
1,NewOrder,1763850170,581124,540268,15,1
2,Payment,1763850170,583021,573361,9,1
1,NewOrder,1763850170,591516,555442,33,1
1,NewOrder,1763850170,591925,480837,49,1
1,NewOrder,1763850170,624059,522893,47,1
2,Payment,1763850170,633518,836989,12,1
2,Payment,1763850170,642792,459662,3,1
2,Payment,1763850170,656727,616778,35,1
1,NewOrder,1763850170,679463,376433,32,1
1,NewOrder,1763850170,679947,609167,6,1
2,Payment,1763850170,682468,494005,16,1
2,Payment,1763850170,710815,1601953,43,1
1,NewOrder,1763850170,714171,372450,20,1
1,NewOrder,1763850170,715179,379906,45,1
2,Payment,1763850170,719158,631178,39,1
1,NewOrder,1763850170,729160,644720,27,1
2,Payment,1763850170,729174,620397,34,1
1,NewOrder,1763850170,729787,445597,1,1
1,NewOrder,1763850170,767185,310603,18,1
5,StockLevel,1763850170,797259,259038,4,1
1,NewOrder,1763850170,802847,255468,19,1
2,Payment,1763850170,817475,366918,21,1
1,NewOrder,1763850170,832875,753220,11,1
2,Payment,1763850170,872850,388491,17,1
2,Payment,1763850170,888823,491643,5,1
5,StockLevel,1763850170,889314,489763,0,1
2,Payment,1763850170,959144,1668889,42,1
2,Payment,1763850170,979439,430123,25,1
2,Payment,1763850170,986924,362688,2,1
1,NewOrder,1763850171,006056,446097,38,1
1,NewOrder,1763850171,021121,449463,31,1
1,NewOrder,1763850171,028048,385861,36,1
2,Payment,1763850171,039314,404308,8,1
1,NewOrder,1763850171,055913,293627,29,1
2,Payment,1763850171,055930,620701,32,1
1,NewOrder,1763850171,056321,240759,4,1
1,NewOrder,1763850171,058347,716830,19,1
2,Payment,1763850171,067325,170622,22,1
5,StockLevel,1763850171,072829,348962,49,1
3,OrderStatus,1763850171,077827,25363,18,1
2,Payment,1763850171,086680,188031,20,1
2,Payment,1763850171,095145,82619,45,1
4,Delivery,1763850171,102500,431012,3,1
1,NewOrder,1763850171,103224,278243,18,1
1,NewOrder,1763850171,108332,827993,44,1
1,NewOrder,1763850171,121445,313701,15,1
2,Payment,1763850171,121604,217486,24,1
4,Delivery,1763850171,121612,543399,23,1
2,Payment,1763850171,138845,577059,37,1
2,Payment,1763850171,138888,370094,7,1
5,StockLevel,1763850171,147002,327559,47,1
2,Payment,1763850171,147006,575292,33,1
4,Delivery,1763850171,147025,674747,48,1
2,Payment,1763850171,147033,602962,14,1
2,Payment,1763850171,156432,444873,9,1
2,Payment,1763850171,162311,54545,46,1
1,NewOrder,1763850171,175445,489476,1,1
1,NewOrder,1763850171,176155,2085380,41,1
1,NewOrder,1763850171,176164,294561,26,1
2,Payment,1763850171,176509,704221,16,1
1,NewOrder,1763850171,177804,171868,45,1
1,NewOrder,1763850171,184438,656309,21,1
1,NewOrder,1763850171,216915,188020,46,1
2,Payment,1763850171,238034,668831,22,1
2,Payment,1763850171,261187,558548,30,1
2,Payment,1763850171,261371,849559,17,1
1,NewOrder,1763850171,273557,177233,35,1
2,Payment,1763850171,273766,534218,10,1
2,Payment,1763850171,274751,1037963,20,1
2,Payment,1763850171,289170,471789,6,1
1,NewOrder,1763850171,297107,173393,4,1
1,NewOrder,1763850171,301435,169395,28,1
2,Payment,1763850171,339151,1205237,24,1
2,Payment,1763850171,349635,543656,34,1
1,NewOrder,1763850171,349676,252295,2,1
1,NewOrder,1763850171,349687,586636,45,1
2,Payment,1763850171,349763,236756,29,1
2,Payment,1763850171,350405,457596,39,1
1,NewOrder,1763850171,367443,1842646,40,1
1,NewOrder,1763850171,373934,183745,27,1
4,Delivery,1763850171,379128,257463,0,1
1,NewOrder,1763850171,380505,519226,5,1
2,Payment,1763850171,381506,1216221,18,1
1,NewOrder,1763850171,397989,304988,13,1
5,StockLevel,1763850171,404967,597607,46,1
2,Payment,1763850171,409595,255429,25,1
1,NewOrder,1763850171,413946,725491,36,1
1,NewOrder,1763850171,421828,91589,49,1
3,OrderStatus,1763850171,435187,48800,15,1
2,Payment,1763850171,443674,1930547,8,1
5,StockLevel,1763850171,450829,496938,35,1
2,Payment,1763850171,452184,860592,38,1
1,NewOrder,1763850171,470543,232419,4,1
2,Payment,1763850171,470547,530817,12,1
4,Delivery,1763850171,470612,364458,31,1
1,NewOrder,1763850171,470747,640366,26,1
2,Payment,1763850171,470842,348025,28,1
1,NewOrder,1763850171,474596,557488,47,1
2,Payment,1763850171,484101,1157357,15,1
2,Payment,1763850171,509030,2039972,7,1
1,NewOrder,1763850171,513467,189509,49,1
1,NewOrder,1763850171,533569,73876,3,1
2,Payment,1763850171,557734,1073517,27,1
2,Payment,1763850171,586150,824449,11,1
1,NewOrder,1763850171,586560,414804,29,1
1,NewOrder,1763850171,601352,1621566,9,1
2,Payment,1763850171,602006,192187,2,1
1,NewOrder,1763850171,607490,328834,3,1
1,NewOrder,1763850171,636645,395393,0,1
1,NewOrder,1763850171,664963,271370,1,1
1,NewOrder,1763850171,665052,525326,25,1
4,Delivery,1763850171,665052,336262,23,1
1,NewOrder,1763850171,676699,871727,32,1
1,NewOrder,1763850171,703020,233319,4,1
5,StockLevel,1763850171,703025,905004,13,1
2,Payment,1763850171,703025,707728,49,1
2,Payment,1763850171,715959,849031,37,1
1,NewOrder,1763850171,722374,590515,33,1
4,Delivery,1763850171,750051,833222,14,1
2,Payment,1763850171,761016,1918862,6,1
2,Payment,1763850171,775218,909280,19,1
2,Payment,1763850171,794242,396174,2,1
2,Payment,1763850171,808034,739573,10,1
2,Payment,1763850171,808039,844162,39,1
2,Payment,1763850171,818922,891686,28,1
2,Payment,1763850171,819953,774579,30,1
3,OrderStatus,1763850171,821827,78518,48,1
1,NewOrder,1763850171,835131,196818,31,1
1,NewOrder,1763850171,840812,1360137,21,1
2,Payment,1763850171,880764,865382,16,1
1,NewOrder,1763850171,893332,1426640,34,1
4,Delivery,1763850171,899774,672754,5,1
2,Payment,1763850171,900374,647270,48,1
2,Payment,1763850171,906903,1467601,22,1
1,NewOrder,1763850171,936375,661523,4,1
1,NewOrder,1763850171,936377,474357,1,1
2,Payment,1763850171,936383,1511369,44,1
2,Payment,1763850171,936403,661304,45,1
1,NewOrder,1763850171,936417,666833,3,1
3,OrderStatus,1763850171,947815,397264,35,1
1,NewOrder,1763850172,001353,1299141,23,1
4,Delivery,1763850172,001400,703201,12,1
1,NewOrder,1763850172,001400,1489884,29,1
4,Delivery,1763850172,002606,707971,46,1
2,Payment,1763850172,031990,1342563,31,1
2,Payment,1763850172,032074,663455,0,1
2,Payment,1763850172,032112,612056,47,1
2,Payment,1763850172,110968,856274,17,1
1,NewOrder,1763850172,111144,1292962,26,1
4,Delivery,1763850172,139477,588134,36,1
1,NewOrder,1763850172,190427,1135933,25,1
2,Payment,1763850172,190458,576987,2,1
1,NewOrder,1763850172,312802,1013961,43,1
3,OrderStatus,1763850172,312847,263592,38,1
2,Payment,1763850172,312853,1177579,20,1
2,Payment,1763850172,312932,1154968,33,1
2,Payment,1763850172,345118,348910,35,1
1,NewOrder,1763850172,410642,864945,11,1
2,Payment,1763850172,410770,800816,1,1
4,Delivery,1763850172,410781,1286184,49,1
1,NewOrder,1763850172,544433,1212725,24,1
2,Payment,1763850172,547671,828043,10,1
1,NewOrder,1763850172,547715,826929,48,1
1,NewOrder,1763850172,548454,695834,32,1
2,Payment,1763850172,565035,210916,37,1
1,NewOrder,1763850172,572557,1237042,5,1
1,NewOrder,1763850172,576505,884681,38,1
2,Payment,1763850172,583317,884832,14,1
2,Payment,1763850172,594566,969557,30,1
2,Payment,1763850172,597757,618920,18,1
4,Delivery,1763850172,597827,1160027,45,1
2,Payment,1763850172,597920,742942,4,1
2,Payment,1763850172,603283,887701,3,1
3,OrderStatus,1763850172,608066,34780,13,1
2,Payment,1763850172,628076,886765,42,1
2,Payment,1763850172,631286,915890,27,1
1,NewOrder,1763850172,641505,792638,15,1
2,Payment,1763850172,642909,906114,13,1
3,OrderStatus,1763850172,644203,42927,47,1
1,NewOrder,1763850172,652241,766665,39,1
1,NewOrder,1763850172,684541,832567,19,1
1,NewOrder,1763850172,687173,670913,47,1
2,Payment,1763850172,694082,834742,35,1
5,StockLevel,1763850172,695568,895190,0,1
2,Payment,1763850172,704686,1002234,12,1
1,NewOrder,1763850172,710620,721543,46,1
1,NewOrder,1763850172,710627,1184120,28,1
1,NewOrder,1763850172,727680,660115,36,1
1,NewOrder,1763850172,746192,831749,16,1
2,Payment,1763850172,767482,849673,2,1
2,Payment,1763850172,775984,841203,37,1
2,Payment,1763850172,967292,656847,17,1
2,Payment,1763850173,201013,619198,21,1
2,Payment,1763850173,210142,394340,40,1
2,Payment,1763850173,211636,576555,1,1
1,NewOrder,1763850173,216744,572366,18,1
1,NewOrder,1763850173,222974,623613,9,1
1,NewOrder,1763850173,244344,557775,32,1
5,StockLevel,1763850173,261598,544913,41,1
1,NewOrder,1763850173,275641,514660,11,1
2,Payment,1763850173,300530,702044,23,1
1,NewOrder,1763850173,320021,499829,34,1
2,Payment,1763850173,326402,685104,25,1
4,Delivery,1763850173,326793,573817,43,1
2,Payment,1763850173,340965,648080,4,1
5,StockLevel,1763850173,358129,638680,47,1
2,Payment,1763850173,374266,569640,8,1
2,Payment,1763850173,374532,734580,22,1
1,NewOrder,1763850173,374584,374683,31,1
1,NewOrder,1763850173,374685,143170,48,1
2,Payment,1763850173,375742,529887,10,1
2,Payment,1763850173,387837,353252,36,1
1,NewOrder,1763850173,404289,368421,26,1
2,Payment,1763850173,418940,436880,39,1
1,NewOrder,1763850173,432239,439583,46,1
2,Payment,1763850173,434176,564411,15,1
1,NewOrder,1763850173,447823,494514,44,1
2,Payment,1763850173,461245,562223,38,1
1,NewOrder,1763850173,467957,258213,33,1
1,NewOrder,1763850173,468188,412485,14,1
2,Payment,1763850173,490500,702248,20,1
2,Payment,1763850173,491030,553427,3,1
5,StockLevel,1763850173,491327,547548,29,1
1,NewOrder,1763850173,514903,258348,42,1
1,NewOrder,1763850173,517164,271287,19,1
3,OrderStatus,1763850173,517884,143682,48,1
1,NewOrder,1763850173,528889,728966,35,1
2,Payment,1763850173,547233,519368,27,1
2,Payment,1763850173,549050,449897,7,1
2,Payment,1763850173,549064,450005,13,1
2,Payment,1763850173,564176,434634,30,1
2,Payment,1763850173,577983,466568,16,1
3,OrderStatus,1763850173,590816,101928,0,1
2,Payment,1763850173,604545,394148,40,1
1,NewOrder,1763850173,617199,641610,2,1
2,Payment,1763850173,617210,684093,37,1
1,NewOrder,1763850173,624201,610755,17,1
2,Payment,1763850173,661604,235747,48,1
2,Payment,1763850173,679939,387334,6,1
1,NewOrder,1763850173,692792,566055,0,1
2,Payment,1763850173,697019,245376,49,1
5,StockLevel,1763850173,706969,596761,12,1
2,Payment,1763850173,726206,340387,33,1
2,Payment,1763850173,741116,623300,36,1
5,StockLevel,1763850173,749304,570387,31,1
1,NewOrder,1763850173,757190,538138,24,1
4,Delivery,1763850173,757886,36651,45,1
1,NewOrder,1763850173,772750,445231,26,1
2,Payment,1763850173,773274,303803,42,1
1,NewOrder,1763850173,788241,428851,1,1
1,NewOrder,1763850173,788484,404272,19,1
1,NewOrder,1763850173,789142,380161,18,1
1,NewOrder,1763850173,790344,388538,11,1
2,Payment,1763850173,794581,204801,45,1
1,NewOrder,1763850173,802172,418372,32,1
1,NewOrder,1763850173,806559,452283,41,1
1,NewOrder,1763850173,809639,410948,5,1
2,Payment,1763850173,819959,439529,34,1
1,NewOrder,1763850173,820237,527711,21,1
2,Payment,1763850173,846633,512356,9,1
2,Payment,1763850173,855866,656008,39,1
2,Payment,1763850173,871902,164163,46,1
1,NewOrder,1763850173,880760,339544,14,1
2,Payment,1763850173,894788,368777,28,1
2,Payment,1763850173,897393,210459,48,1
2,Payment,1763850173,900718,438513,43,1
2,Payment,1763850173,905716,378653,10,1
1,NewOrder,1763850173,942379,278239,44,1
2,Payment,1763850173,942430,274523,49,1
1,NewOrder,1763850173,943946,314894,8,1
2,Payment,1763850173,989090,363364,4,1
1,NewOrder,1763850173,996856,320315,47,1
2,Payment,1763850173,998624,260239,15,1
1,NewOrder,1763850173,998721,260208,40,1
1,NewOrder,1763850173,998838,159866,30,1
2,Payment,1763850173,998978,490433,7,1
2,Payment,1763850173,999089,353109,13,1
2,Payment,1763850173,999416,340029,45,1
1,NewOrder,1763850174,002620,314658,23,1
1,NewOrder,1763850174,011535,205670,25,1
1,NewOrder,1763850174,023507,784596,38,1
2,Payment,1763850174,036129,390602,46,1
5,StockLevel,1763850174,038906,317693,29,1
1,NewOrder,1763850174,044513,507444,3,1
1,NewOrder,1763850174,044608,342776,16,1
1,NewOrder,1763850174,066681,349009,33,1
5,StockLevel,1763850174,066737,549039,27,1
1,NewOrder,1763850174,067325,687519,6,1
5,StockLevel,1763850174,077135,281228,42,1
1,NewOrder,1763850174,107916,209915,48,1
2,Payment,1763850174,109156,360729,22,1
2,Payment,1763850174,158735,343445,30,1
1,NewOrder,1763850174,169335,183051,18,1
1,NewOrder,1763850174,178914,374112,11,1
1,NewOrder,1763850174,192780,526277,20,1
2,Payment,1763850174,192785,294835,19,1
2,Payment,1763850174,216990,376280,49,1
2,Payment,1763850174,217216,117044,25,1
3,OrderStatus,1763850174,217296,28482,1,1
1,NewOrder,1763850174,218011,235686,26,1
2,Payment,1763850174,220582,418528,32,1
1,NewOrder,1763850174,220616,696535,5,1
2,Payment,1763850174,220624,426512,14,1
2,Payment,1763850174,220634,276405,44,1
1,NewOrder,1763850174,234999,117441,17,1
1,NewOrder,1763850174,245813,318656,1,1
1,NewOrder,1763850174,257896,625361,35,1
1,NewOrder,1763850174,258841,242980,2,1
4,Delivery,1763850174,258852,302724,41,1
1,NewOrder,1763850174,258864,458726,8,1
1,NewOrder,1763850174,258872,348306,0,1
1,NewOrder,1763850174,258884,459370,15,1
4,Delivery,1763850174,258953,408042,40,1
2,Payment,1763850174,259502,435623,34,1
2,Payment,1763850174,263606,301556,28,1
5,StockLevel,1763850174,284411,314136,10,1
2,Payment,1763850174,295369,482645,24,1
1,NewOrder,1763850174,301343,474391,37,1
4,Delivery,1763850174,303773,372305,12,1
2,Payment,1763850174,317205,340914,47,1
1,NewOrder,1763850174,317307,399997,23,1
1,NewOrder,1763850174,317925,531468,48,1
1,NewOrder,1763850174,319727,708180,31,1
1,NewOrder,1763850174,334306,398843,25,1
1,NewOrder,1763850174,339275,394191,43,1
1,NewOrder,1763850174,339458,618347,45,1
5,StockLevel,1763850174,347991,401110,21,1
1,NewOrder,1763850174,352344,518292,13,1
1,NewOrder,1763850174,352529,364600,18,1
2,Payment,1763850174,352679,280417,4,1
1,NewOrder,1763850174,352856,517036,17,1
1,NewOrder,1763850174,356640,562611,29,1
1,NewOrder,1763850174,358402,321439,42,1
1,NewOrder,1763850174,359023,627051,9,1
2,Payment,1763850174,364456,585049,36,1
2,Payment,1763850174,387468,550153,16,1
1,NewOrder,1763850174,415757,503381,33,1
1,NewOrder,1763850174,426775,359048,46,1
1,NewOrder,1763850174,453766,324191,26,1
1,NewOrder,1763850174,469939,526329,22,1
5,StockLevel,1763850174,487780,461422,19,1
1,NewOrder,1763850174,489456,381046,7,1
2,Payment,1763850174,497111,371218,44,1
2,Payment,1763850174,501876,214703,2,1
2,Payment,1763850174,502231,627450,30,1
2,Payment,1763850174,511941,504494,39,1
1,NewOrder,1763850174,552019,504276,3,1
1,NewOrder,1763850174,553050,248854,11,1
2,Payment,1763850174,561629,395428,41,1
1,NewOrder,1763850174,564518,494420,1,1
1,NewOrder,1763850174,565588,302741,28,1
1,NewOrder,1763850174,593444,354891,49,1
2,Payment,1763850174,598604,358538,10,1
2,Payment,1763850174,607233,495560,0,1
2,Payment,1763850174,615853,369095,27,1
4,Delivery,1763850174,633193,692030,4,1
2,Payment,1763850174,639151,564759,32,1
1,NewOrder,1763850174,647183,518673,14,1
3,OrderStatus,1763850174,658159,29793,47,1
2,Payment,1763850174,667030,320182,40,1
2,Payment,1763850174,676117,585714,12,1
1,NewOrder,1763850174,679879,532951,42,1
1,NewOrder,1763850174,687989,195029,47,1
2,Payment,1763850174,695165,645986,34,1
1,NewOrder,1763850174,716627,814728,2,1
1,NewOrder,1763850174,717153,427139,18,1
2,Payment,1763850174,717331,370483,23,1
2,Payment,1763850174,717614,382601,8,1
2,Payment,1763850174,718407,298368,15,1
2,Payment,1763850174,719094,427880,20,1
1,NewOrder,1763850174,733193,479637,25,1
2,Payment,1763850174,733493,525710,43,1
1,NewOrder,1763850174,749146,553328,21,1
1,NewOrder,1763850174,754894,488992,6,1
1,NewOrder,1763850174,775779,462800,37,1
2,Payment,1763850174,777991,599921,26,1
2,Payment,1763850174,778035,563170,24,1
2,Payment,1763850174,785864,230518,46,1
2,Payment,1763850174,801949,511509,11,1
2,Payment,1763850174,808149,483330,38,1
2,Payment,1763850174,849436,234967,48,1
1,NewOrder,1763850174,868365,360431,28,1
3,OrderStatus,1763850174,868365,53172,44,1
1,NewOrder,1763850174,869931,368638,17,1
2,Payment,1763850174,870528,518809,7,1
2,Payment,1763850174,870650,474805,13,1
2,Payment,1763850174,883062,254392,47,1
1,NewOrder,1763850174,883283,247595,35,1
2,Payment,1763850174,917219,618585,5,1
1,NewOrder,1763850174,919298,398920,29,1
1,NewOrder,1763850174,919400,542549,33,1
4,Delivery,1763850174,921584,411693,44,1
2,Payment,1763850174,937724,388423,16,1
2,Payment,1763850174,948488,227086,49,1
2,Payment,1763850174,949307,416819,19,1
2,Payment,1763850174,949559,416765,36,1
2,Payment,1763850174,957103,409530,41,1
2,Payment,1763850174,957174,456348,10,1
2,Payment,1763850174,957850,339005,45,1
2,Payment,1763850174,985003,536528,27,1
1,NewOrder,1763850174,986119,318956,9,1
1,NewOrder,1763850174,987260,840819,40,1
2,Payment,1763850174,996326,397389,22,1
3,OrderStatus,1763850175,016446,45555,46,1
2,Payment,1763850175,016488,460619,39,1
1,NewOrder,1763850175,016812,495975,15,1
1,NewOrder,1763850175,027969,471404,31,1
1,NewOrder,1763850175,056365,179678,3,1
2,Payment,1763850175,059050,566365,1,1
2,Payment,1763850175,062051,313386,46,1
1,NewOrder,1763850175,084458,423678,48,1
2,Payment,1763850175,087908,428596,23,1
1,NewOrder,1763850175,100274,553877,8,1
2,Payment,1763850175,102837,547303,0,1
1,NewOrder,1763850175,129732,339115,30,1
2,Payment,1763850175,130919,400998,35,1
1,NewOrder,1763850175,137509,351692,47,1
1,NewOrder,1763850175,144345,308250,18,1
1,NewOrder,1763850175,147018,476704,20,1
1,NewOrder,1763850175,165960,369012,14,1
1,NewOrder,1763850175,175626,360075,49,1
2,Payment,1763850175,203960,388748,32,1
1,NewOrder,1763850175,212885,322566,42,1
2,Payment,1763850175,212885,356857,25,1
2,Payment,1763850175,228839,530645,28,1
1,NewOrder,1763850175,236075,631661,3,1
4,Delivery,1763850175,238634,335149,37,1
1,NewOrder,1763850175,239331,317995,17,1
2,Payment,1763850175,243933,503536,6,1
2,Payment,1763850175,259244,636546,43,1
2,Payment,1763850175,261870,463168,12,1
2,Payment,1763850175,291557,347360,38,1
4,Delivery,1763850175,296884,64503,45,1
2,Payment,1763850175,302507,396752,21,1
5,StockLevel,1763850175,305112,762719,9,1
1,NewOrder,1763850175,313500,234802,11,1
1,NewOrder,1763850175,318245,591215,29,1
2,Payment,1763850175,325269,740722,4,1
5,StockLevel,1763850175,326182,416206,16,1
4,Delivery,1763850175,333319,370118,44,1
1,NewOrder,1763850175,341187,445321,34,1
2,Payment,1763850175,341235,430859,24,1
1,NewOrder,1763850175,345496,236390,13,1
1,NewOrder,1763850175,361445,173524,45,1
1,NewOrder,1763850175,366162,95422,19,1
1,NewOrder,1763850175,367051,396517,36,1
1,NewOrder,1763850175,367719,853519,41,1
1,NewOrder,1763850175,375495,198310,46,1
5,StockLevel,1763850175,377945,701405,26,1
2,Payment,1763850175,389372,427128,7,1
2,Payment,1763850175,393749,501787,22,1
1,NewOrder,1763850175,413624,497715,10,1
3,OrderStatus,1763850175,452640,58272,18,1
2,Payment,1763850175,461700,241660,19,1
1,NewOrder,1763850175,461978,346480,33,1
1,NewOrder,1763850175,468928,406454,30,1
3,OrderStatus,1763850175,477152,93132,39,1
1,NewOrder,1763850175,489240,99545,47,1
1,NewOrder,1763850175,499409,321348,31,1
4,Delivery,1763850175,508180,353811,48,1
1,NewOrder,1763850175,510947,384412,18,1
1,NewOrder,1763850175,512818,339348,15,1
1,NewOrder,1763850175,516534,656656,23,1
2,Payment,1763850175,521575,441239,27,1
2,Payment,1763850175,531388,595980,2,1
1,NewOrder,1763850175,531950,261577,35,1
1,NewOrder,1763850175,535021,306763,14,1
2,Payment,1763850175,535474,802207,42,1
1,NewOrder,1763850175,535721,80679,49,1
2,Payment,1763850175,535824,311580,5,1
1,NewOrder,1763850175,536120,513611,45,1
1,NewOrder,1763850175,548339,293615,11,1
5,StockLevel,1763850175,557369,571812,17,1
4,Delivery,1763850175,569785,232844,25,1
2,Payment,1763850175,570306,246144,39,1
2,Payment,1763850175,573830,364284,37,1
2,Payment,1763850175,573838,566906,46,1
1,NewOrder,1763850175,581928,251811,13,1
2,Payment,1763850175,588824,585478,47,1
2,Payment,1763850175,592740,345007,32,1
2,Payment,1763850175,616437,632017,49,1
2,Payment,1763850175,623787,741405,20,1
1,NewOrder,1763850175,625457,188050,1,1
2,Payment,1763850175,638967,332092,38,1
2,Payment,1763850175,650182,527598,0,1
2,Payment,1763850175,654216,361677,8,1
1,NewOrder,1763850175,699342,478357,21,1
1,NewOrder,1763850175,703425,117488,19,1
2,Payment,1763850175,703463,703182,44,1
1,NewOrder,1763850175,725092,122509,12,1
2,Payment,1763850175,742422,316602,16,1
1,NewOrder,1763850175,747519,501776,6,1
5,StockLevel,1763850175,759517,437716,28,1
1,NewOrder,1763850175,763613,378445,36,1
2,Payment,1763850175,772152,647700,24,1
2,Payment,1763850175,786574,240978,34,1
2,Payment,1763850175,793570,430330,35,1
1,NewOrder,1763850175,802672,370502,25,1
2,Payment,1763850175,808494,266681,33,1
2,Payment,1763850175,813605,434240,1,1
1,NewOrder,1763850175,816504,326087,39,1
2,Payment,1763850175,816526,521161,7,1
5,StockLevel,1763850175,820809,500069,31,1
2,Payment,1763850175,820953,288572,19,1
1,NewOrder,1763850175,828137,237791,40,1
2,Payment,1763850175,833787,168323,13,1
1,NewOrder,1763850175,841839,559129,14,1
2,Payment,1763850175,842005,280999,11,1
1,NewOrder,1763850175,847461,325675,5,1
1,NewOrder,1763850175,847839,588268,12,1
1,NewOrder,1763850175,852260,370772,15,1
2,Payment,1763850175,862035,457839,48,1
1,NewOrder,1763850175,867794,590213,3,1
1,NewOrder,1763850175,875420,272804,30,1
1,NewOrder,1763850175,895423,427386,18,1
1,NewOrder,1763850175,895587,769300,22,1
1,NewOrder,1763850175,895825,773805,43,1
1,NewOrder,1763850175,909526,315653,29,1
2,Payment,1763850175,911396,641349,10,1
2,Payment,1763850175,938072,252355,32,1
2,Payment,1763850175,938177,327986,37,1
1,NewOrder,1763850175,962874,258859,27,1
2,Payment,1763850175,971118,381612,38,1
2,Payment,1763850176,002165,617213,13,1
1,NewOrder,1763850176,015964,666491,8,1
1,NewOrder,1763850176,027600,138398,34,1
2,Payment,1763850176,049767,351099,45,1
5,StockLevel,1763850176,059067,70976,16,1
1,NewOrder,1763850176,065974,527112,40,1
2,Payment,1763850176,066013,539460,4,1
1,NewOrder,1763850176,067867,447273,9,1
1,NewOrder,1763850176,075217,317993,33,1
1,NewOrder,1763850176,079402,315989,26,1
1,NewOrder,1763850176,109636,224622,19,1
1,NewOrder,1763850176,123052,579408,11,1
1,NewOrder,1763850176,127414,371171,2,1
2,Payment,1763850176,129219,272163,17,1
2,Payment,1763850176,130067,327880,16,1
1,NewOrder,1763850176,140784,517185,46,1
1,NewOrder,1763850176,142092,416100,36,1
1,NewOrder,1763850176,142623,465881,39,1
2,Payment,1763850176,148251,445531,30,1
1,NewOrder,1763850176,166041,301365,34,1
2,Payment,1763850176,173179,658154,5,1
2,Payment,1763850176,173194,284278,25,1
1,NewOrder,1763850176,173208,496172,23,1
2,Payment,1763850176,174333,583400,47,1
2,Payment,1763850176,177729,649333,21,1
2,Payment,1763850176,177807,516143,0,1
5,StockLevel,1763850176,190476,373683,32,1
1,NewOrder,1763850176,197287,381205,28,1
1,NewOrder,1763850176,221300,305032,41,1
2,Payment,1763850176,221928,589481,27,1
2,Payment,1763850176,223081,300667,15,1
2,Payment,1763850176,223936,434017,35,1
2,Payment,1763850176,225211,640825,29,1
1,NewOrder,1763850176,247908,652227,1,1
2,Payment,1763850176,248505,571542,49,1
1,NewOrder,1763850176,249341,275791,6,1
1,NewOrder,1763850176,266222,205874,37,1
1,NewOrder,1763850176,319919,285321,48,1
2,Payment,1763850176,320912,316797,31,1
2,Payment,1763850176,322851,314685,18,1
1,NewOrder,1763850176,334342,460940,19,1
1,NewOrder,1763850176,337725,268218,42,1
2,Payment,1763850176,337726,621796,7,1
1,NewOrder,1763850176,352766,458966,38,1
1,NewOrder,1763850176,365239,239983,20,1
1,NewOrder,1763850176,393251,403785,33,1
1,NewOrder,1763850176,395444,314685,26,1
2,Payment,1763850176,400919,469857,45,1
1,NewOrder,1763850176,401004,469058,14,1
1,NewOrder,1763850176,401415,412907,17,1
1,NewOrder,1763850176,406750,186093,44,1
1,NewOrder,1763850176,419904,471735,24,1
1,NewOrder,1763850176,436154,456323,12,1
2,Payment,1763850176,457512,442995,25,1
2,Payment,1763850176,457967,398545,16,1
2,Payment,1763850176,458034,513219,3,1
2,Payment,1763850176,467453,492108,34,1
1,NewOrder,1763850176,472131,384376,37,1
1,NewOrder,1763850176,498626,401874,2,1
2,Payment,1763850176,515178,537709,9,1
2,Payment,1763850176,523796,368292,15,1
2,Payment,1763850176,525172,667843,6,1
2,Payment,1763850176,526365,264645,41,1
4,Delivery,1763850176,552794,86558,10,1
1,NewOrder,1763850176,558235,298134,36,1
1,NewOrder,1763850176,564198,336313,32,1
4,Delivery,1763850176,578533,489687,28,1
2,Payment,1763850176,592876,267919,44,1
2,Payment,1763850176,593116,395160,40,1
2,Payment,1763850176,593812,398223,30,1
1,NewOrder,1763850176,606719,372438,20,1
2,Payment,1763850176,607853,465863,42,1
1,NewOrder,1763850176,608157,233852,4,1
5,StockLevel,1763850176,608431,287552,48,1
2,Payment,1763850176,608534,269406,39,1
4,Delivery,1763850176,619422,501299,13,1
5,StockLevel,1763850176,637739,21432,31,1
1,NewOrder,1763850176,637741,372807,18,1
1,NewOrder,1763850176,639383,126996,10,1
2,Payment,1763850176,657989,264087,35,1
1,NewOrder,1763850176,657992,390030,46,1
2,Payment,1763850176,659202,387556,31,1
1,NewOrder,1763850176,664931,285610,22,1
2,Payment,1763850176,669422,377210,23,1
1,NewOrder,1763850176,669666,604701,43,1
1,NewOrder,1763850176,682509,739096,8,1
2,Payment,1763850176,693990,381299,0,1
1,NewOrder,1763850176,702492,189310,11,1
1,NewOrder,1763850176,710171,589109,26,1
2,Payment,1763850176,757771,382405,47,1
3,OrderStatus,1763850176,766425,53669,10,1
1,NewOrder,1763850176,791063,471790,41,1
1,NewOrder,1763850176,795316,234086,19,1
1,NewOrder,1763850176,797077,352320,33,1
2,Payment,1763850176,811443,581575,27,1
5,StockLevel,1763850176,811746,833374,38,1
1,NewOrder,1763850176,814361,215109,17,1
2,Payment,1763850176,820082,454106,49,1
2,Payment,1763850176,820121,105611,10,1
1,NewOrder,1763850176,827094,396397,21,1
1,NewOrder,1763850176,831371,633524,5,1
1,NewOrder,1763850176,842100,327449,4,1
1,NewOrder,1763850176,856410,281616,36,1
1,NewOrder,1763850176,856519,163397,16,1
2,Payment,1763850176,856521,211916,37,1
3,OrderStatus,1763850176,860838,82486,44,1
2,Payment,1763850176,866077,600942,29,1
1,NewOrder,1763850176,870106,127243,14,1
5,StockLevel,1763850176,870807,752260,45,1
1,NewOrder,1763850176,877983,441370,39,1
2,Payment,1763850176,891686,361766,24,1
1,NewOrder,1763850176,891830,370948,11,1
1,NewOrder,1763850176,892099,139383,15,1
2,Payment,1763850176,892503,447019,12,1
1,NewOrder,1763850176,896026,525720,48,1
1,NewOrder,1763850176,900187,287787,1,1
1,NewOrder,1763850176,900534,367673,2,1
2,Payment,1763850176,900535,600820,25,1
1,NewOrder,1763850176,900536,374020,32,1
1,NewOrder,1763850176,922114,256485,35,1
1,NewOrder,1763850176,925775,553992,10,1
1,NewOrder,1763850176,943376,350221,44,1
1,NewOrder,1763850176,950581,191662,22,1
1,NewOrder,1763850176,959575,466646,7,1
1,NewOrder,1763850176,959585,179601,34,1
2,Payment,1763850176,971289,422346,3,1
5,StockLevel,1763850176,979197,643861,20,1
1,NewOrder,1763850176,988313,243740,40,1
1,NewOrder,1763850176,992078,218681,30,1
5,StockLevel,1763850176,997393,552403,14,1
3,OrderStatus,1763850177,010593,63123,18,1
2,Payment,1763850177,019961,91861,16,1
1,NewOrder,1763850177,029435,238635,19,1
2,Payment,1763850177,029499,109915,17,1
1,NewOrder,1763850177,031509,272219,15,1
1,NewOrder,1763850177,046741,342342,23,1
2,Payment,1763850177,046799,261693,31,1
2,Payment,1763850177,048066,405297,46,1
2,Payment,1763850177,052930,449136,9,1
1,NewOrder,1763850177,068271,964363,28,1
1,NewOrder,1763850177,068907,193917,37,1
2,Payment,1763850177,073755,371276,18,1
1,NewOrder,1763850177,073756,145388,42,1
1,NewOrder,1763850177,075329,966318,0,1
1,NewOrder,1763850177,111869,233154,16,1
1,NewOrder,1763850177,120764,339190,13,1
1,NewOrder,1763850177,138066,174935,36,1
2,Payment,1763850177,139225,185376,34,1
1,NewOrder,1763850177,140208,272009,47,1
1,NewOrder,1763850177,140623,490338,17,1
1,NewOrder,1763850177,142284,202697,22,1
2,Payment,1763850177,149447,251874,33,1
2,Payment,1763850177,169595,959524,4,1
2,Payment,1763850177,178636,287520,35,1
2,Payment,1763850177,188013,983932,1,1
2,Payment,1763850177,193059,351257,6,1
1,NewOrder,1763850177,210804,773823,30,1
2,Payment,1763850177,219189,173900,42,1
2,Payment,1763850177,223533,242371,21,1
4,Delivery,1763850177,232154,133985,40,1
2,Payment,1763850177,253515,243352,24,1
2,Payment,1763850177,262834,320272,11,1
2,Payment,1763850177,262890,272793,41,1
1,NewOrder,1763850177,262913,758735,37,1
1,NewOrder,1763850177,268178,773450,19,1
2,Payment,1763850177,268234,1040291,2,1
1,NewOrder,1763850177,274241,743193,49,1
2,Payment,1763850177,274391,313958,43,1
1,NewOrder,1763850177,274615,652133,32,1
1,NewOrder,1763850177,293643,803609,44,1
1,NewOrder,1763850177,299325,840883,26,1
2,Payment,1763850177,303775,795020,15,1
1,NewOrder,1763850177,308771,262752,31,1
2,Payment,1763850177,313244,798300,36,1
2,Payment,1763850177,319392,857224,39,1
1,NewOrder,1763850177,324644,603298,34,1
4,Delivery,1763850177,339568,715334,12,1
3,OrderStatus,1763850177,345022,93583,22,1
5,StockLevel,1763850177,345058,744152,16,1
1,NewOrder,1763850177,366197,735348,40,1
2,Payment,1763850177,389128,210646,23,1
2,Payment,1763850177,393062,897628,27,1
5,StockLevel,1763850177,393122,599912,42,1
2,Payment,1763850177,393694,1052791,3,1
1,NewOrder,1763850177,401367,90530,33,1
1,NewOrder,1763850177,412264,210844,47,1
2,Payment,1763850177,421797,675372,48,1
2,Payment,1763850177,421856,219618,8,1
2,Payment,1763850177,426278,563483,7,1
2,Payment,1763850177,438649,492907,22,1
1,NewOrder,1763850177,445075,1038668,18,1
2,Payment,1763850177,453441,701978,46,1
2,Payment,1763850177,460049,366233,13,1
1,NewOrder,1763850177,465011,711568,5,1
2,Payment,1763850177,465945,523682,21,1
1,NewOrder,1763850177,466191,896051,35,1
2,Payment,1763850177,467058,979755,29,1
1,NewOrder,1763850177,479814,675858,10,1
2,Payment,1763850177,491951,606315,33,1
2,Payment,1763850177,496918,590339,24,1
4,Delivery,1763850177,501405,460345,25,1
2,Payment,1763850177,502158,848523,9,1
2,Payment,1763850177,536027,619925,41,1
2,Payment,1763850177,544372,872170,6,1
1,NewOrder,1763850177,549851,579393,14,1
1,NewOrder,1763850177,571601,686576,31,1
1,NewOrder,1763850177,583143,674136,11,1
1,NewOrder,1763850177,588395,898335,43,1
2,Payment,1763850177,600163,546345,23,1
1,NewOrder,1763850177,623112,929616,45,1
2,Payment,1763850177,623147,587665,47,1
2,Payment,1763850177,623714,635159,20,1
1,NewOrder,1763850177,631007,729329,17,1
2,Payment,1763850177,641534,877372,8,1
1,NewOrder,1763850177,645178,762491,38,1
2,Payment,1763850177,826345,549827,13,1
1,NewOrder,1763850177,926810,413027,32,1
2,Payment,1763850177,927969,518550,34,1
2,Payment,1763850177,931620,409370,22,1
2,Payment,1763850177,961803,524623,25,1
1,NewOrder,1763850177,984745,374154,30,1
1,NewOrder,1763850177,989703,578733,21,1
2,Payment,1763850177,989812,594711,7,1
1,NewOrder,1763850177,993086,507538,42,1
1,NewOrder,1763850178,017561,545882,49,1
1,NewOrder,1763850178,021732,494055,37,1
1,NewOrder,1763850178,032719,581136,28,1
2,Payment,1763850178,041707,555384,19,1
2,Payment,1763850178,041750,477858,0,1
1,NewOrder,1763850178,054959,486868,12,1
2,Payment,1763850178,087307,509751,24,1
2,Payment,1763850178,089250,538714,16,1
2,Payment,1763850178,097220,502182,48,1
1,NewOrder,1763850178,097271,291102,44,1
2,Payment,1763850178,098299,398509,33,1
1,NewOrder,1763850178,098831,758895,15,1
1,NewOrder,1763850178,101585,160725,40,1
2,Payment,1763850178,111592,485478,36,1
2,Payment,1763850178,129161,470345,4,1
2,Payment,1763850178,129267,470622,14,1
1,NewOrder,1763850178,140243,455467,26,1
1,NewOrder,1763850178,146554,339886,23,1
1,NewOrder,1763850178,155460,290759,46,1
1,NewOrder,1763850178,155702,386262,10,1
2,Payment,1763850178,155969,373293,41,1
2,Payment,1763850178,171992,527034,1,1
2,Payment,1763850178,176620,425366,5,1
2,Payment,1763850178,176685,449711,39,1
3,OrderStatus,1763850178,210861,142923,47,1
2,Payment,1763850178,257325,370910,11,1
1,NewOrder,1763850178,258211,332057,31,1
2,Payment,1763850178,258903,367283,20,1
2,Payment,1763850178,262344,334764,40,1
2,Payment,1763850178,290735,411551,27,1
2,Payment,1763850178,308565,536626,2,1
2,Payment,1763850178,339883,275420,32,1
1,NewOrder,1763850178,341026,478594,22,1
2,Payment,1763850178,350720,325374,9,1
2,Payment,1763850178,353825,274106,47,1
2,Payment,1763850178,358941,339385,30,1
2,Payment,1763850178,360379,590670,17,1
1,NewOrder,1763850178,362277,457111,35,1
2,Payment,1763850178,376212,390424,13,1
2,Payment,1763850178,388416,237875,44,1
1,NewOrder,1763850178,407718,449055,38,1
1,NewOrder,1763850178,416581,440132,6,1
5,StockLevel,1763850178,446287,149452,46,1
2,Payment,1763850178,446548,410219,3,1
2,Payment,1763850178,446573,399184,34,1
2,Payment,1763850178,446847,372979,29,1
1,NewOrder,1763850178,483787,361233,18,1
5,StockLevel,1763850178,486479,111589,23,1
2,Payment,1763850178,486480,386232,25,1
1,NewOrder,1763850178,486756,332604,43,1
4,Delivery,1763850178,496923,385122,33,1
1,NewOrder,1763850178,500673,344111,42,1
2,Payment,1763850178,515835,410680,37,1
2,Payment,1763850178,518962,374195,8,1
1,NewOrder,1763850178,519678,459891,0,1
1,NewOrder,1763850178,529313,315574,41,1
2,Payment,1763850178,542001,302858,10,1
4,Delivery,1763850178,542003,163173,12,1
3,OrderStatus,1763850178,552786,39970,45,1
2,Payment,1763850178,563506,182531,49,1
1,NewOrder,1763850178,568498,276529,21,1
2,Payment,1763850178,584581,362713,7,1
1,NewOrder,1763850178,590438,437821,31,1
2,Payment,1763850178,592798,183329,45,1
2,Payment,1763850178,595746,383887,26,1
1,NewOrder,1763850178,595837,260618,46,1
1,NewOrder,1763850178,597091,247821,24,1
2,Payment,1763850178,597108,489203,19,1
1,NewOrder,1763850178,597108,149007,36,1
2,Payment,1763850178,597141,279257,40,1
1,NewOrder,1763850178,598125,247776,23,1
3,OrderStatus,1763850178,599444,11680,48,1
1,NewOrder,1763850178,599538,405619,4,1
1,NewOrder,1763850178,599913,306021,14,1
2,Payment,1763850178,602020,362835,5,1
2,Payment,1763850178,611157,339985,48,1
2,Payment,1763850178,613912,507913,28,1
5,StockLevel,1763850178,615339,423216,32,1
1,NewOrder,1763850178,626233,219204,20,1
1,NewOrder,1763850178,626329,352776,44,1
1,NewOrder,1763850178,626418,379979,39,1
1,NewOrder,1763850178,628004,642118,16,1
2,Payment,1763850178,628064,364316,47,1
2,Payment,1763850178,628258,381134,11,1
2,Payment,1763850178,676275,367870,9,1
1,NewOrder,1763850178,698389,293947,30,1
1,NewOrder,1763850178,699078,293293,1,1
1,NewOrder,1763850178,702391,621626,27,1
1,NewOrder,1763850178,705237,200130,12,1
1,NewOrder,1763850178,746081,125424,49,1
1,NewOrder,1763850178,746145,291800,36,1
1,NewOrder,1763850178,766702,133142,13,1
2,Payment,1763850178,776174,261753,45,1
1,NewOrder,1763850178,819414,122774,43,1
2,Payment,1763850178,819441,403084,35,1
2,Payment,1763850178,819689,186567,22,1
1,NewOrder,1763850178,819914,379250,29,1
1,NewOrder,1763850178,844837,113094,42,1
1,NewOrder,1763850178,844903,385555,10,1
1,NewOrder,1763850178,844922,160977,41,1
5,StockLevel,1763850178,844936,454338,24,1
1,NewOrder,1763850178,845043,397713,18,1
1,NewOrder,1763850178,845054,294571,21,1
1,NewOrder,1763850178,845213,366938,2,1
2,Payment,1763850178,845467,434125,20,1
2,Payment,1763850178,845775,216282,34,1
2,Payment,1763850178,845924,201332,23,1
2,Payment,1763850178,856512,375418,46,1
2,Payment,1763850178,856737,246624,6,1
2,Payment,1763850178,856800,264939,3,1
2,Payment,1763850178,856807,432717,38,1
1,NewOrder,1763850178,857747,365199,15,1
1,NewOrder,1763850178,871549,456270,49,1
2,Payment,1763850178,872749,484872,25,1
5,StockLevel,1763850178,876431,401626,40,1
3,OrderStatus,1763850178,882089,44766,33,1
2,Payment,1763850178,893197,290891,8,1
2,Payment,1763850178,899900,394996,13,1
2,Payment,1763850178,905419,565998,12,1
2,Payment,1763850178,905978,444231,14,1
1,NewOrder,1763850178,926666,461568,37,1
1,NewOrder,1763850178,926887,296182,33,1
2,Payment,1763850178,942235,196889,43,1
1,NewOrder,1763850178,947335,387585,7,1
2,Payment,1763850178,951090,344889,17,1
2,Payment,1763850178,951174,462090,48,1
2,Payment,1763850178,958008,264984,42,1
1,NewOrder,1763850178,964899,379191,5,1
2,Payment,1763850178,979146,310645,44,1
2,Payment,1763850178,979617,254691,0,1
2,Payment,1763850178,979675,489817,26,1
2,Payment,1763850178,992380,311879,30,1
2,Payment,1763850178,992394,357530,1,1
2,Payment,1763850178,992411,579571,47,1
2,Payment,1763850179,005199,499185,4,1
2,Payment,1763850179,005937,309080,41,1
1,NewOrder,1763850179,006286,216499,22,1
5,StockLevel,1763850179,006425,539022,39,1
2,Payment,1763850179,009429,562477,11,1
2,Payment,1763850179,028296,315714,31,1
4,Delivery,1763850179,037975,118218,45,1
2,Payment,1763850179,037979,478182,36,1
2,Payment,1763850179,038572,554947,32,1
2,Payment,1763850179,044178,472002,9,1
1,NewOrder,1763850179,047312,302810,23,1
1,NewOrder,1763850179,062107,856339,34,1
1,NewOrder,1763850179,086363,464675,19,1
2,Payment,1763850179,103406,459678,6,1
1,NewOrder,1763850179,121789,795264,3,1
2,Payment,1763850179,121861,450387,28,1
2,Payment,1763850179,139169,204956,43,1
1,NewOrder,1763850179,139699,210689,21,1
1,NewOrder,1763850179,156227,193754,45,1
1,NewOrder,1763850179,184124,634883,8,1
2,Payment,1763850179,199199,451410,29,1
2,Payment,1763850179,212191,813822,2,1
3,OrderStatus,1763850179,222606,35678,35,1
2,Payment,1763850179,222834,290544,22,1
1,NewOrder,1763850179,222987,349332,15,1
5,StockLevel,1763850179,223020,289051,42,1
2,Payment,1763850179,223239,791429,33,1
1,NewOrder,1763850179,230535,742504,10,1
2,Payment,1763850179,232402,434335,46,1
2,Payment,1763850179,234337,938266,0,1
1,NewOrder,1763850179,242827,202296,18,1
1,NewOrder,1763850179,258329,183164,35,1
4,Delivery,1763850179,270195,214732,16,1
1,NewOrder,1763850179,278112,437655,40,1
2,Payment,1763850179,279636,292435,20,1
2,Payment,1763850179,289565,282357,38,1
1,NewOrder,1763850179,289824,489943,44,1
2,Payment,1763850179,295000,739336,13,1
3,OrderStatus,1763850179,296020,36537,17,1
2,Payment,1763850179,299324,376463,24,1
1,NewOrder,1763850179,304298,455090,30,1
2,Payment,1763850179,315050,513896,41,1
1,NewOrder,1763850179,324165,521233,27,1
1,NewOrder,1763850179,327849,613918,49,1
1,NewOrder,1763850179,332595,239443,17,1
1,NewOrder,1763850179,334972,444740,7,1
2,Payment,1763850179,344047,772504,31,1
2,Payment,1763850179,344120,625026,5,1
2,Payment,1763850179,344150,557796,43,1
2,Payment,1763850179,350020,896830,1,1
1,NewOrder,1763850179,350020,624895,45,1
2,Payment,1763850179,350145,425768,23,1
5,StockLevel,1763850179,350228,530971,14,1
1,NewOrder,1763850179,350408,803902,21,1
1,NewOrder,1763850179,357708,544366,25,1
1,NewOrder,1763850179,388332,423808,37,1
2,Payment,1763850179,413312,711654,48,1
1,NewOrder,1763850179,441549,314001,35,1
4,Delivery,1763850179,445180,466452,18,1
1,NewOrder,1763850179,469553,359538,26,1
1,NewOrder,1763850179,471468,336049,12,1
2,Payment,1763850179,484976,129219,16,1
4,Delivery,1763850179,504530,868568,4,1
2,Payment,1763850179,512128,501941,42,1
2,Payment,1763850179,513425,697764,22,1
1,NewOrder,1763850179,516192,347394,36,1
1,NewOrder,1763850179,516199,374582,9,1
2,Payment,1763850179,545551,376154,39,1
2,Payment,1763850179,551098,122858,19,1
1,NewOrder,1763850179,563145,749452,6,1
2,Payment,1763850179,571971,567615,11,1
2,Payment,1763850179,572001,376619,38,1
2,Payment,1763850179,572025,639153,47,1
1,NewOrder,1763850179,572072,396309,17,1
2,Payment,1763850179,572092,800628,20,1
5,StockLevel,1763850179,572266,369531,28,1
1,NewOrder,1763850179,572354,544358,15,1
2,Payment,1763850179,593583,617673,32,1
1,NewOrder,1763850179,614239,426304,16,1
2,Payment,1763850179,650649,362317,29,1
1,NewOrder,1763850179,666874,705412,46,1
1,NewOrder,1763850179,674017,266008,19,1
1,NewOrder,1763850179,675840,478465,24,1
3,OrderStatus,1763850179,715819,33185,40,1
2,Payment,1763850179,749043,424730,40,1
2,Payment,1763850179,755597,277653,35,1
4,Delivery,1763850179,759424,154538,30,1
2,Payment,1763850179,775951,660925,23,1
1,NewOrder,1763850179,779767,490558,7,1
1,NewOrder,1763850179,779815,577140,44,1
2,Payment,1763850179,807576,403067,12,1
1,NewOrder,1763850179,812199,554899,37,1
1,NewOrder,1763850179,819072,335993,8,1
2,Payment,1763850179,829017,551488,41,1
2,Payment,1763850179,829160,285979,26,1
1,NewOrder,1763850179,845478,521166,27,1
3,OrderStatus,1763850179,863821,80665,36,1
2,Payment,1763850179,881262,463827,14,1
2,Payment,1763850179,890856,520491,9,1
4,Delivery,1763850179,902003,564776,43,1
4,Delivery,1763850179,902138,154159,25,1
4,Delivery,1763850179,911725,299378,18,1
4,Delivery,1763850179,914013,120058,30,1
1,NewOrder,1763850179,917091,502601,3,1
1,NewOrder,1763850179,918480,483129,34,1
2,Payment,1763850179,921748,489632,39,1
1,NewOrder,1763850179,940083,330943,19,1
1,NewOrder,1763850179,941817,464207,49,1
1,NewOrder,1763850179,941839,455474,28,1
2,Payment,1763850179,944527,519756,36,1
1,NewOrder,1763850179,948647,322733,38,1
5,StockLevel,1763850179,968437,329323,17,1
5,StockLevel,1763850179,969193,384165,5,1
1,NewOrder,1763850179,973097,629504,10,1
1,NewOrder,1763850179,974967,408942,45,1
2,Payment,1763850180,013037,433874,29,1
2,Payment,1763850180,014154,391911,42,1
1,NewOrder,1763850180,014713,379289,33,1
1,NewOrder,1763850180,026075,436528,2,1
1,NewOrder,1763850180,033309,594085,35,1
1,NewOrder,1763850180,034117,363210,30,1
4,Delivery,1763850180,034385,491182,13,1
2,Payment,1763850180,040597,278024,16,1
2,Payment,1763850180,056366,536919,25,1
5,StockLevel,1763850180,115201,302295,26,1
2,Payment,1763850180,116602,348047,31,1
2,Payment,1763850180,116760,255952,15,1
1,NewOrder,1763850180,125029,223238,48,1
1,NewOrder,1763850180,139649,525409,11,1
2,Payment,1763850180,154371,332763,21,1
1,NewOrder,1763850180,154372,510476,24,1
2,Payment,1763850180,155101,307648,8,1
1,NewOrder,1763850180,172784,265101,0,1
1,NewOrder,1763850180,173820,395737,40,1
4,Delivery,1763850180,210743,453814,12,1
2,Payment,1763850180,211141,226995,18,1
2,Payment,1763850180,211206,224761,47,1
2,Payment,1763850180,211229,764824,22,1
2,Payment,1763850180,211295,426810,32,1
5,StockLevel,1763850180,246917,356902,1,1
2,Payment,1763850180,270456,216582,7,1
1,NewOrder,1763850180,271074,284655,19,1
1,NewOrder,1763850180,271426,355979,38,1
1,NewOrder,1763850180,297818,219743,17,1
2,Payment,1763850180,312758,314584,6,1
1,NewOrder,1763850180,318693,188134,16,1
1,NewOrder,1763850180,345152,91097,14,1
2,Payment,1763850180,348325,120008,48,1
2,Payment,1763850180,353418,311931,5,1
2,Payment,1763850180,357018,307484,44,1
1,NewOrder,1763850180,366780,352825,27,1
2,Payment,1763850180,367147,377530,37,1
1,NewOrder,1763850180,372350,292207,46,1
1,NewOrder,1763850180,372771,254589,15,1
1,NewOrder,1763850180,372772,539630,20,1
2,Payment,1763850180,373130,156131,4,1
2,Payment,1763850180,380567,339055,41,1
1,NewOrder,1763850180,383967,218474,45,1
1,NewOrder,1763850180,394060,346491,33,1
1,NewOrder,1763850180,397364,268398,28,1
2,Payment,1763850180,397365,403336,30,1
2,Payment,1763850180,401682,533658,34,1
2,Payment,1763850180,406072,338504,49,1
2,Payment,1763850180,406099,327292,42,1
2,Payment,1763850180,411399,279407,9,1
1,NewOrder,1763850180,411415,253195,39,1
1,NewOrder,1763850180,417547,303273,26,1
4,Delivery,1763850180,419734,136210,3,1
1,NewOrder,1763850180,436024,119868,47,1
1,NewOrder,1763850180,436268,171958,14,1
4,Delivery,1763850180,436918,374633,23,1
1,NewOrder,1763850180,437918,229550,0,1
2,Payment,1763850180,438222,227518,18,1
2,Payment,1763850180,446960,330349,29,1
2,Payment,1763850180,462680,270459,2,1
2,Payment,1763850180,462812,281784,8,1
4,Delivery,1763850180,464336,249293,36,1
3,OrderStatus,1763850180,464758,28035,31,1
2,Payment,1763850180,467290,310084,43,1
2,Payment,1763850180,468516,379187,48,1
1,NewOrder,1763850180,487103,320317,7,1
2,Payment,1763850180,487242,527523,21,1
2,Payment,1763850180,492839,464146,31,1
2,Payment,1763850180,506867,213137,16,1
2,Payment,1763850180,517602,241826,17,1
1,NewOrder,1763850180,525613,138952,13,1
1,NewOrder,1763850180,529299,271069,4,1
4,Delivery,1763850180,555784,526133,19,1
1,NewOrder,1763850180,555937,420149,47,1
2,Payment,1763850180,555973,351421,3,1
2,Payment,1763850180,569622,248303,40,1
1,NewOrder,1763850180,593339,255398,25,1
1,NewOrder,1763850180,602497,309978,45,1
3,OrderStatus,1763850180,602670,47650,10,1
2,Payment,1763850180,603856,372618,1,1
1,NewOrder,1763850180,608278,105358,14,1
1,NewOrder,1763850180,627401,749469,15,1
2,Payment,1763850180,627404,222787,6,1
2,Payment,1763850180,627423,172944,35,1
1,NewOrder,1763850180,627428,218043,38,1
2,Payment,1763850180,638145,354220,32,1
4,Delivery,1763850180,650405,69419,10,1
1,NewOrder,1763850180,664539,275588,44,1
3,OrderStatus,1763850180,664593,41868,12,1
2,Payment,1763850180,664596,370880,46,1
2,Payment,1763850180,664596,85530,13,1
2,Payment,1763850180,664633,279268,39,1
2,Payment,1763850180,664890,417969,24,1
2,Payment,1763850180,665113,121766,11,1
2,Payment,1763850180,665373,269967,5,1
2,Payment,1763850180,665779,795005,18,1
1,NewOrder,1763850180,665800,241547,28,1
2,Payment,1763850180,667513,372155,0,1
2,Payment,1763850180,690861,296875,9,1
1,NewOrder,1763850180,706494,147717,12,1
1,NewOrder,1763850180,713687,183281,36,1
2,Payment,1763850180,713689,268573,14,1
1,NewOrder,1763850180,719696,154830,27,1
1,NewOrder,1763850180,719858,113388,10,1
2,Payment,1763850180,719919,317897,41,1
1,NewOrder,1763850180,720036,457803,16,1
2,Payment,1763850180,720855,314891,26,1
2,Payment,1763850180,733196,369051,2,1
4,Delivery,1763850180,733424,132941,42,1
1,NewOrder,1763850180,740617,342264,33,1
1,NewOrder,1763850180,744712,391328,8,1
1,NewOrder,1763850180,744718,137493,37,1
2,Payment,1763850180,745622,336242,49,1
1,NewOrder,1763850180,750184,185264,13,1
1,NewOrder,1763850180,759483,1081748,17,1
1,NewOrder,1763850180,777395,448113,29,1
3,OrderStatus,1763850180,777437,20840,43,1
2,Payment,1763850180,786924,342864,11,1
2,Payment,1763850180,798327,284599,43,1
1,NewOrder,1763850180,800418,275594,35,1
2,Payment,1763850180,800419,331936,4,1
1,NewOrder,1763850180,800724,306134,30,1
1,NewOrder,1763850180,808075,294702,7,1
2,Payment,1763850180,811600,317945,23,1
1,NewOrder,1763850180,817983,1438793,40,1
1,NewOrder,1763850180,833294,416930,10,1
1,NewOrder,1763850180,845509,215076,38,1
1,NewOrder,1763850180,847747,369505,48,1
1,NewOrder,1763850180,848774,329048,25,1
1,NewOrder,1763850180,850232,235297,6,1
2,Payment,1763850180,854249,582468,12,1
1,NewOrder,1763850180,866429,445600,42,1
2,Payment,1763850180,874580,421264,27,1
2,Payment,1763850180,882263,305231,37,1
1,NewOrder,1763850180,897013,232524,36,1
5,StockLevel,1763850180,907387,325151,28,1
2,Payment,1763850180,907419,305666,3,1
3,OrderStatus,1763850180,912430,26326,20,1
4,Delivery,1763850180,912500,123393,45,1
1,NewOrder,1763850180,935398,182498,34,1
1,NewOrder,1763850180,935398,147433,5,1
1,NewOrder,1763850180,935499,376530,13,1
1,NewOrder,1763850180,938834,468687,20,1
4,Delivery,1763850180,940177,823617,44,1
2,Payment,1763850180,943955,273546,39,1
2,Payment,1763850180,957036,213254,31,1
2,Payment,1763850180,976135,293142,47,1
1,NewOrder,1763850180,976152,340611,22,1
1,NewOrder,1763850180,976508,519977,1,1
2,Payment,1763850180,982328,515072,14,1
3,OrderStatus,1763850180,987791,43276,9,1
2,Payment,1763850180,992420,272266,32,1
2,Payment,1763850181,014795,429843,21,1
1,NewOrder,1763850181,031102,90486,9,1
2,Payment,1763850181,035649,278469,46,1
2,Payment,1763850181,035926,334583,45,1
2,Payment,1763850181,036324,409549,26,1
2,Payment,1763850181,037858,1260700,41,1
1,NewOrder,1763850181,039711,277094,0,1
2,Payment,1763850181,060625,246717,38,1
2,Payment,1763850181,076049,307176,35,1
2,Payment,1763850181,081899,333509,49,1
2,Payment,1763850181,081945,853886,19,1
1,NewOrder,1763850181,082857,159456,5,1
1,NewOrder,1763850181,082886,233907,24,1
2,Payment,1763850181,082901,245108,33,1
2,Payment,1763850181,082950,1250030,43,1
1,NewOrder,1763850181,085705,153582,6,1
1,NewOrder,1763850181,102289,296658,2,1
2,Payment,1763850181,102810,214007,7,1
2,Payment,1763850181,106899,282502,30,1
2,Payment,1763850181,117938,308806,34,1
2,Payment,1763850181,121628,297468,9,1
1,NewOrder,1763850181,129581,339550,36,1
1,NewOrder,1763850181,129582,543723,23,1
2,Payment,1763850181,129811,407915,11,1
4,Delivery,1763850181,132387,1126138,4,1
3,OrderStatus,1763850181,136078,67023,8,1
1,NewOrder,1763850181,170321,456460,31,1
2,Payment,1763850181,177866,343994,25,1
1,NewOrder,1763850181,177870,663528,16,1
1,NewOrder,1763850181,187535,663285,37,1
1,NewOrder,1763850181,203136,682451,8,1
1,NewOrder,1763850181,213130,272817,3,1
2,Payment,1763850181,217300,297135,48,1
1,NewOrder,1763850181,217526,639259,39,1
1,NewOrder,1763850181,225564,961811,29,1
2,Payment,1763850181,232575,1003785,28,1
2,Payment,1763850181,239340,678050,6,1
2,Payment,1763850181,242371,1009768,5,1
1,NewOrder,1763850181,250279,557284,10,1
2,Payment,1763850181,264747,420996,32,1
2,Payment,1763850181,269333,353195,47,1
2,Payment,1763850181,295905,974518,27,1
1,NewOrder,1763850181,307406,565397,38,1
2,Payment,1763850181,312091,1170987,42,1
1,NewOrder,1763850181,312091,495510,13,1
2,Payment,1763850181,314168,352918,46,1
4,Delivery,1763850181,316786,888300,22,1
1,NewOrder,1763850181,316814,451866,24,1
5,StockLevel,1763850181,316825,390491,0,1
1,NewOrder,1763850181,316828,383133,7,1
2,Payment,1763850181,328042,477079,33,1
1,NewOrder,1763850181,370566,555108,45,1
4,Delivery,1763850181,376936,76580,15,1
1,NewOrder,1763850181,383287,322550,35,1
2,Payment,1763850181,389455,528720,30,1
4,Delivery,1763850181,399005,1084174,2,1
2,Payment,1763850181,407586,399703,20,1
2,Payment,1763850181,415463,841745,49,1
1,NewOrder,1763850181,419169,1074264,9,1
1,NewOrder,1763850181,426804,898609,34,1
1,NewOrder,1763850181,436775,400450,12,1
1,NewOrder,1763850181,445221,918211,21,1
2,Payment,1763850181,445906,953604,26,1
1,NewOrder,1763850181,453583,1149430,15,1
4,Delivery,1763850181,460825,1006656,18,1
2,Payment,1763850181,469190,453214,36,1
2,Payment,1763850181,486043,70404,3,1
2,Payment,1763850181,496542,99802,1,1
1,NewOrder,1763850181,497447,1031750,14,1
2,Payment,1763850181,514494,1044662,48,1
3,OrderStatus,1763850181,521949,102732,25,1
2,Payment,1763850181,537782,1051081,11,1
2,Payment,1763850181,556503,114134,3,1
2,Payment,1763850181,596403,109532,1,1
1,NewOrder,1763850181,622591,582375,47,1
1,NewOrder,1763850181,624742,1245384,25,1
1,NewOrder,1763850181,626831,814612,31,1
2,Payment,1763850181,667146,967895,46,1
1,NewOrder,1763850181,670739,198842,3,1
2,Payment,1763850181,673362,788116,23,1
2,Payment,1763850181,685798,834589,32,1
3,OrderStatus,1763850181,700020,34246,7,1
1,NewOrder,1763850181,705885,776675,35,1
1,NewOrder,1763850181,705977,676041,1,1
1,NewOrder,1763850181,707356,747398,0,1
1,NewOrder,1763850181,734303,675507,7,1
1,NewOrder,1763850181,763835,840749,44,1
1,NewOrder,1763850181,768726,450529,24,1
4,Delivery,1763850181,805190,851399,33,1
2,Payment,1763850181,807326,686219,20,1
2,Payment,1763850181,807595,847250,10,1
1,NewOrder,1763850181,807623,889681,13,1
2,Payment,1763850181,837266,1061264,12,1
2,Payment,1763850181,841288,813457,17,1
1,NewOrder,1763850181,841423,700111,16,1
1,NewOrder,1763850181,850864,494083,37,1
1,NewOrder,1763850181,856839,525504,39,1
2,Payment,1763850181,869619,623731,3,1
1,NewOrder,1763850181,872859,509166,38,1
1,NewOrder,1763850181,885640,496296,8,1
2,Payment,1763850181,917443,629982,6,1
1,NewOrder,1763850181,918212,837803,30,1
1,NewOrder,1763850181,922458,469274,36,1
2,Payment,1763850181,925735,776854,45,1
2,Payment,1763850181,935883,761052,19,1
4,Delivery,1763850182,187420,576190,29,1
1,NewOrder,1763850182,205025,592840,47,1
4,Delivery,1763850182,205139,176879,22,1
2,Payment,1763850182,219301,384968,24,1
5,StockLevel,1763850182,236422,338836,28,1
2,Payment,1763850182,252204,337074,5,1
2,Payment,1763850182,257258,580920,49,1
2,Payment,1763850182,257430,467978,40,1
1,NewOrder,1763850182,258571,343334,4,1
2,Payment,1763850182,270483,696830,27,1
1,NewOrder,1763850182,298621,374691,41,1
2,Payment,1763850182,325478,513426,34,1
2,Payment,1763850182,333038,430566,43,1
1,NewOrder,1763850182,345001,184809,37,1
1,NewOrder,1763850182,363491,329481,21,1
1,NewOrder,1763850182,382033,381829,8,1
1,NewOrder,1763850182,382071,218450,1,1
1,NewOrder,1763850182,382078,206784,38,1
1,NewOrder,1763850182,382079,441872,22,1
1,NewOrder,1763850182,382374,146929,39,1
1,NewOrder,1763850182,391793,95415,36,1
2,Payment,1763850182,399565,650683,26,1
1,NewOrder,1763850182,409887,353741,7,1
1,NewOrder,1763850182,441510,322870,31,1
3,OrderStatus,1763850182,454806,36986,0,1
1,NewOrder,1763850182,461538,321804,23,1
2,Payment,1763850182,467523,259025,18,1
1,NewOrder,1763850182,482611,281030,35,1
3,OrderStatus,1763850182,483111,83118,42,1
2,Payment,1763850182,483219,172601,2,1
2,Payment,1763850182,487274,185877,36,1
1,NewOrder,1763850182,491831,235546,0,1
2,Payment,1763850182,493384,310911,3,1
1,NewOrder,1763850182,493468,270104,9,1
1,NewOrder,1763850182,493567,243446,20,1
1,NewOrder,1763850182,520440,474098,32,1
2,Payment,1763850182,529259,451334,14,1
2,Payment,1763850182,529357,417651,39,1
2,Payment,1763850182,529989,472746,37,1
2,Payment,1763850182,541588,227998,16,1
2,Payment,1763850182,547468,236918,6,1
1,NewOrder,1763850182,559206,225123,48,1
4,Delivery,1763850182,566277,367254,42,1
2,Payment,1763850182,575304,572045,28,1
1,NewOrder,1763850182,588918,270442,38,1
1,NewOrder,1763850182,588919,193984,11,1
1,NewOrder,1763850182,589318,368471,5,1
1,NewOrder,1763850182,600582,182831,1,1
2,Payment,1763850182,601948,296857,4,1
2,Payment,1763850182,603061,251297,15,1
2,Payment,1763850182,604307,318287,24,1
2,Payment,1763850182,604622,318133,44,1
5,StockLevel,1763850182,635108,500327,46,1
1,NewOrder,1763850182,654807,421980,17,1
2,Payment,1763850182,654864,357392,10,1
5,StockLevel,1763850182,655856,447013,2,1
1,NewOrder,1763850182,656625,379235,33,1
1,NewOrder,1763850182,673198,452366,36,1
5,StockLevel,1763850182,673351,451394,41,1
1,NewOrder,1763850182,693216,383944,21,1
2,Payment,1763850182,697338,357241,13,1
2,Payment,1763850182,697370,444491,19,1
1,NewOrder,1763850182,702635,279778,45,1
2,Payment,1763850182,725454,221469,40,1
1,NewOrder,1763850182,726588,285632,18,1
2,Payment,1763850182,727405,252386,0,1
1,NewOrder,1763850182,737053,405548,20,1
2,Payment,1763850182,756056,414922,30,1
1,NewOrder,1763850182,763607,158958,9,1
1,NewOrder,1763850182,763634,294896,43,1
1,NewOrder,1763850182,763636,511680,29,1
2,Payment,1763850182,763641,238982,7,1
4,Delivery,1763850182,763674,101967,35,1
1,NewOrder,1763850182,763878,158718,8,1
1,NewOrder,1763850182,764402,323238,31,1
2,Payment,1763850182,769619,403663,16,1
1,NewOrder,1763850182,782939,364380,11,1
5,StockLevel,1763850182,783391,388196,23,1
1,NewOrder,1763850182,783461,304130,1,1
1,NewOrder,1763850182,784369,227826,48,1
3,OrderStatus,1763850182,784432,71882,6,1
2,Payment,1763850182,797928,278799,47,1
1,NewOrder,1763850182,804374,262754,3,1
2,Payment,1763850182,824002,374755,22,1
2,Payment,1763850182,838222,304338,49,1
2,Payment,1763850182,838938,533167,34,1
1,NewOrder,1763850182,854399,403468,15,1
2,Payment,1763850182,856350,174571,6,1
2,Payment,1763850182,860373,295081,38,1
4,Delivery,1763850182,865689,57034,35,1
5,StockLevel,1763850182,870166,518843,25,1
1,NewOrder,1763850182,898575,261514,12,1
2,Payment,1763850182,898834,248963,4,1
1,NewOrder,1763850182,922605,533130,9,1
2,Payment,1763850182,922622,317346,8,1
2,Payment,1763850182,922624,305090,24,1
2,Payment,1763850182,922742,296814,35,1
2,Payment,1763850182,922763,258121,44,1
1,NewOrder,1763850182,933568,143192,42,1
2,Payment,1763850182,946976,259234,40,1
2,Payment,1763850182,947058,353391,39,1
1,NewOrder,1763850182,957836,500621,5,1
2,Payment,1763850182,967352,377945,27,1
2,Payment,1763850182,979825,193652,0,1
5,StockLevel,1763850182,980625,456327,14,1
1,NewOrder,1763850182,982447,236119,45,1
2,Payment,1763850182,994587,447310,32,1
1,NewOrder,1763850183,002696,420592,7,1
1,NewOrder,1763850183,002790,512740,37,1
1,NewOrder,1763850183,012271,372812,18,1
2,Payment,1763850183,012296,179175,10,1
2,Payment,1763850183,012483,271300,48,1
1,NewOrder,1763850183,030965,494587,6,1
2,Payment,1763850183,035908,426616,33,1
2,Payment,1763850183,050286,388747,26,1
1,NewOrder,1763850183,054623,298835,13,1
2,Payment,1763850183,058564,171793,43,1
1,NewOrder,1763850183,067174,212845,3,1
2,Payment,1763850183,076766,231358,47,1
2,Payment,1763850183,076799,420686,17,1
1,NewOrder,1763850183,076860,390713,42,1
1,NewOrder,1763850183,077181,390415,21,1
2,Payment,1763850183,087632,358258,1,1
1,NewOrder,1763850183,087670,663306,31,1
2,Payment,1763850183,102905,422001,2,1
1,NewOrder,1763850183,125009,342609,41,1
1,NewOrder,1763850183,125600,341973,36,1
2,Payment,1763850183,135470,190603,46,1
2,Payment,1763850183,141905,414864,19,1
1,NewOrder,1763850183,142589,383520,49,1
3,OrderStatus,1763850183,142619,60769,20,1
2,Payment,1763850183,147363,311003,11,1
1,NewOrder,1763850183,147380,546147,28,1
1,NewOrder,1763850183,147824,268541,4,1
1,NewOrder,1763850183,155492,431506,38,1
1,NewOrder,1763850183,160136,182129,12,1
1,NewOrder,1763850183,171019,522563,30,1
2,Payment,1763850183,171614,409651,23,1
1,NewOrder,1763850183,173319,670738,16,1
2,Payment,1763850183,173508,390012,0,1
2,Payment,1763850183,180917,350750,44,1
1,NewOrder,1763850183,191516,436133,10,1
2,Payment,1763850183,198803,445113,22,1
1,NewOrder,1763850183,203435,270568,20,1
1,NewOrder,1763850183,206269,224807,40,1
1,NewOrder,1763850183,218755,456546,45,1
2,Payment,1763850183,219590,482381,35,1
1,NewOrder,1763850183,227815,596518,24,1
5,StockLevel,1763850183,230396,212309,43,1
1,NewOrder,1763850183,240007,244726,8,1
3,OrderStatus,1763850183,257909,43848,15,1
2,Payment,1763850183,275359,529688,29,1
1,NewOrder,1763850183,280061,450057,3,1
1,NewOrder,1763850183,283835,282767,48,1
1,NewOrder,1763850183,300494,648849,39,1
1,NewOrder,1763850183,301796,550145,15,1
1,NewOrder,1763850183,308170,255326,47,1
1,NewOrder,1763850183,326115,237380,46,1
5,StockLevel,1763850183,342309,469409,12,1
2,Payment,1763850183,345344,532173,27,1
1,NewOrder,1763850183,353540,438320,13,1
1,NewOrder,1763850183,372146,244179,34,1
2,Payment,1763850183,385149,500557,18,1
2,Payment,1763850183,389061,532317,25,1
2,Payment,1763850183,416406,359483,4,1
4,Delivery,1763850183,423329,510141,7,1
2,Payment,1763850183,431118,171616,40,1
1,NewOrder,1763850183,436993,197500,14,1
1,NewOrder,1763850183,439074,956900,26,1
2,Payment,1763850183,441943,436129,32,1
1,NewOrder,1763850183,442732,245818,43,1
4,Delivery,1763850183,445922,247451,1,1
2,Payment,1763850183,455778,155933,9,1
1,NewOrder,1763850183,458408,165187,11,1
1,NewOrder,1763850183,458485,587029,5,1
1,NewOrder,1763850183,462614,651311,33,1
2,Payment,1763850183,467629,422868,21,1
1,NewOrder,1763850183,467629,517245,36,1
2,Payment,1763850183,467629,435218,42,1
2,Payment,1763850183,467638,477344,41,1
2,Payment,1763850183,474047,472157,20,1
1,NewOrder,1763850183,484776,353721,8,1
1,NewOrder,1763850183,497527,195835,17,1
2,Payment,1763850183,515572,522838,37,1
2,Payment,1763850183,524972,336124,2,1
1,NewOrder,1763850183,525579,267149,6,1
5,StockLevel,1763850183,526128,401172,49,1
1,NewOrder,1763850183,531709,233885,44,1
2,Payment,1763850183,556815,394932,19,1
1,NewOrder,1763850183,563540,183893,46,1
1,NewOrder,1763850183,563540,209714,47,1
2,Payment,1763850183,563557,350836,0,1
1,NewOrder,1763850183,566641,355671,48,1
1,NewOrder,1763850183,581360,282700,23,1
2,Payment,1763850183,587041,582424,38,1
1,NewOrder,1763850183,602773,550429,40,1
2,Payment,1763850183,611748,558600,9,1
1,NewOrder,1763850183,616363,502119,34,1
2,Payment,1763850183,623634,183558,11,1
1,NewOrder,1763850183,627732,331034,10,1
2,Payment,1763850183,634533,362475,14,1
1,NewOrder,1763850183,643959,517912,22,1
1,NewOrder,1763850183,675377,269653,45,1
1,NewOrder,1763850183,688622,337652,43,1
3,OrderStatus,1763850183,693409,31286,17,1
1,NewOrder,1763850183,693414,459047,1,1
4,Delivery,1763850183,693547,590952,28,1
1,NewOrder,1763850183,693594,332891,30,1
1,NewOrder,1763850183,702013,641264,35,1
3,OrderStatus,1763850183,724747,39303,17,1
2,Payment,1763850183,730178,449167,3,1
1,NewOrder,1763850183,747473,278777,46,1
1,NewOrder,1763850183,751014,261506,31,1
2,Payment,1763850183,764099,261053,17,1
1,NewOrder,1763850183,765632,404464,44,1
1,NewOrder,1763850183,773291,219806,47,1
2,Payment,1763850183,775934,531438,4,1
2,Payment,1763850183,791904,266535,13,1
3,OrderStatus,1763850183,792755,62742,6,1
2,Payment,1763850183,805088,666891,29,1
1,NewOrder,1763850183,807223,500214,11,1
1,NewOrder,1763850183,811762,507078,12,1
2,Payment,1763850183,824392,404047,24,1
2,Payment,1763850183,838584,434184,8,1
1,NewOrder,1763850183,844196,400359,16,1
1,NewOrder,1763850183,851994,363497,15,1
1,NewOrder,1763850183,855554,616172,6,1
2,Payment,1763850183,861150,533294,2,1
2,Payment,1763850183,864148,464164,23,1
1,NewOrder,1763850183,877563,406871,27,1
1,NewOrder,1763850183,878129,235920,32,1
2,Payment,1763850183,885761,413304,18,1
1,NewOrder,1763850183,890545,190175,21,1
2,Payment,1763850183,902881,408565,42,1
1,NewOrder,1763850183,914439,1381172,0,1
1,NewOrder,1763850183,921427,1430067,25,1
2,Payment,1763850183,922346,185762,48,1
1,NewOrder,1763850183,927341,380083,49,1
3,OrderStatus,1763850183,933516,52413,7,1
2,Payment,1763850183,945034,437294,41,1
2,Payment,1763850183,945054,419515,45,1
1,NewOrder,1763850183,946239,471348,20,1
2,Payment,1763850183,949409,474650,39,1
2,Payment,1763850183,951794,390816,19,1
1,NewOrder,1763850183,958806,282815,10,1
1,NewOrder,1763850183,984927,409482,36,1
1,NewOrder,1763850183,985959,438767,7,1
4,Delivery,1763850183,993138,403700,47,1
2,Payment,1763850183,997286,426161,14,1
1,NewOrder,1763850184,012564,203033,31,1
2,Payment,1763850184,025197,357132,17,1
1,NewOrder,1763850184,026284,189147,46,1
2,Payment,1763850184,026305,397798,43,1
3,OrderStatus,1763850184,026506,42396,30,1
2,Payment,1763850184,038453,433126,37,1
2,Payment,1763850184,045552,863020,5,1
2,Payment,1763850184,058483,413097,13,1
1,NewOrder,1763850184,068945,159681,30,1
1,NewOrder,1763850184,080766,326405,21,1
2,Payment,1763850184,108150,315495,48,1
1,NewOrder,1763850184,113973,170494,33,1
3,OrderStatus,1763850184,114082,40589,32,1
1,NewOrder,1763850184,118527,154242,34,1
1,NewOrder,1763850184,152503,442088,1,1
1,NewOrder,1763850184,153245,409825,40,1
1,NewOrder,1763850184,154706,118085,32,1
2,Payment,1763850184,161915,1242186,22,1
1,NewOrder,1763850184,169509,575441,38,1
2,Payment,1763850184,170127,1176715,44,1
1,NewOrder,1763850184,170376,252674,9,1
1,NewOrder,1763850184,179383,357314,3,1
1,NewOrder,1763850184,215474,640405,46,1
1,NewOrder,1763850184,215509,256063,15,1
1,NewOrder,1763850184,215628,182967,31,1
1,NewOrder,1763850184,228479,902283,24,1
2,Payment,1763850184,228696,213016,30,1
1,NewOrder,1763850184,241772,321097,10,1
2,Payment,1763850184,244599,611280,16,1
2,Payment,1763850184,272811,1074031,8,1
2,Payment,1763850184,272811,199615,34,1
2,Payment,1763850184,272813,417406,32,1
4,Delivery,1763850184,284475,140761,27,1
1,NewOrder,1763850184,284497,1541715,33,1
1,NewOrder,1763850184,284524,460365,28,1
1,NewOrder,1763850184,299107,322918,18,1
5,StockLevel,1763850184,307416,3909421,4,1
1,NewOrder,1763850184,307442,437130,49,1
2,Payment,1763850184,307473,1039369,11,1
5,StockLevel,1763850184,311488,3885093,42,1
5,StockLevel,1763850184,318873,1694447,12,1
1,NewOrder,1763850184,328358,1498256,23,1
1,NewOrder,1763850184,342650,155193,19,1
3,OrderStatus,1763850184,343310,48418,35,1
1,NewOrder,1763850184,364608,380135,45,1
1,NewOrder,1763850184,382366,1499511,17,1
2,Payment,1763850184,382394,1444865,41,1
2,Payment,1763850184,391767,1434628,35,1
1,NewOrder,1763850184,394453,1063244,36,1
2,Payment,1763850184,394485,1432521,2,1
1,NewOrder,1763850184,396013,459803,26,1
2,Payment,1763850184,396872,1428973,47,1
1,NewOrder,1763850184,398636,1613072,31,1
2,Payment,1763850184,407212,1846531,21,1
2,Payment,1763850184,417621,2670743,20,1
2,Payment,1763850184,423089,1038939,9,1
2,Payment,1763850184,423502,1402680,14,1
1,NewOrder,1763850184,423716,1829610,48,1
2,Payment,1763850184,424082,1545312,39,1
2,Payment,1763850184,424122,1545245,43,1
4,Delivery,1763850184,424750,1401369,7,1
1,NewOrder,1763850184,425262,707584,27,1
2,Payment,1763850184,441753,1811566,30,1
2,Payment,1763850184,471625,1551419,37,1
2,Payment,1763850184,471625,1953213,15,1
2,Payment,1763850184,471625,1411466,13,1
5,StockLevel,1763850184,471745,3761186,6,1
3,OrderStatus,1763850184,471996,123540,29,1
1,NewOrder,1763850184,472448,1353324,34,1
1,NewOrder,1763850184,497891,1639111,19,1
1,NewOrder,1763850184,536758,2212691,3,1
2,Payment,1763850184,562922,1458632,10,1
2,Payment,1763850184,563103,1689693,40,1
1,NewOrder,1763850184,594645,1658796,1,1
2,Payment,1763850184,595576,866353,29,1
2,Payment,1763850184,622075,3614174,18,1
1,NewOrder,1763850184,690319,3506019,32,1
1,NewOrder,1763850184,744626,1227124,49,1
4,Delivery,1763850184,744785,391131,45,1
2,Payment,1763850184,744922,1277401,28,1
1,NewOrder,1763850184,744975,1504994,38,1
2,Payment,1763850184,855857,2666959,26,1
1,NewOrder,1763850184,855917,1339362,46,1
3,OrderStatus,1763850184,855918,496400,16,1
1,NewOrder,1763850184,908625,1286591,5,1
1,NewOrder,1763850185,132135,837273,24,1
2,Payment,1763850185,132885,3061976,27,1
2,Payment,1763850185,136733,1166567,45,1
1,NewOrder,1763850185,295689,727215,0,1
1,NewOrder,1763850185,346944,621284,8,1
1,NewOrder,1763850185,346945,2278722,11,1
1,NewOrder,1763850185,346971,3219940,44,1
2,Payment,1763850185,351724,2920265,25,1
2,Payment,1763850185,352356,2923411,16,1
1,NewOrder,1763850185,404151,2988547,22,1
2,Payment,1763850185,457741,2784623,36,1
2,Payment,1763850185,461979,2915330,29,1
1,NewOrder,1763850185,462049,559794,9,1
1,NewOrder,1763850185,825817,1957280,34,1
1,NewOrder,1763850185,826151,449946,7,1
2,Payment,1763850185,826165,679168,47,1
2,Payment,1763850185,826201,2370085,14,1
5,StockLevel,1763850185,826232,2564444,33,1
1,NewOrder,1763850185,826421,707696,35,1
1,NewOrder,1763850185,826638,2474262,23,1
2,Payment,1763850185,827030,1956067,2,1
2,Payment,1763850185,827281,2762922,41,1
1,NewOrder,1763850185,881918,2533255,17,1
2,Payment,1763850185,883282,2412451,13,1
1,NewOrder,1763850185,968272,229608,8,1
2,Payment,1763850185,969418,2691319,43,1
2,Payment,1763850185,969431,2448359,39,1
2,Payment,1763850185,969442,2468268,24,1
4,Delivery,1763850185,971801,2453399,49,1
1,NewOrder,1763850186,011892,2183883,31,1
2,Payment,1763850186,013624,2415011,12,1
1,NewOrder,1763850186,021614,2593558,10,1
1,NewOrder,1763850186,021897,1651526,9,1
1,NewOrder,1763850186,022385,2544955,28,1
1,NewOrder,1763850186,022942,2406820,0,1
2,Payment,1763850186,023085,2420345,37,1
2,Payment,1763850186,137055,2394711,19,1
2,Payment,1763850186,195272,1999818,5,1
2,Payment,1763850186,195385,1587786,46,1
4,Delivery,1763850186,197943,2270307,8,1
1,NewOrder,1763850186,250021,2441312,38,1
3,OrderStatus,1763850186,252845,1328163,40,1
2,Payment,1763850186,253342,2009834,30,1
2,Payment,1763850186,253362,2052885,48,1
1,NewOrder,1763850186,253470,2075347,1,1
2,Payment,1763850186,253771,2312915,21,1
5,StockLevel,1763850186,276142,2404127,7,1
2,Payment,1763850186,303396,2040707,45,1
2,Payment,1763850186,424904,2141713,15,1
1,NewOrder,1763850186,505392,2093736,47,1
2,Payment,1763850186,534158,2217580,35,1
2,Payment,1763850186,749494,1774585,3,1
5,StockLevel,1763850187,088404,1435777,20,1
2,Payment,1763850187,522895,1076047,26,1
2,Payment,1763850187,581050,1144028,40,1
1,NewOrder,1763850187,625705,1039035,11,1
4,Delivery,1763850187,673463,1205244,9,1
1,NewOrder,1763850187,783136,649215,34,1
2,Payment,1763850187,783136,770649,2,1
1,NewOrder,1763850187,783205,781860,46,1
1,NewOrder,1763850188,194925,371369,27,1
1,NewOrder,1763850188,195148,484675,5,1
2,Payment,1763850188,195819,340000,31,1
1,NewOrder,1763850188,196327,378880,14,1
3,OrderStatus,1763850188,196379,91792,32,1
1,NewOrder,1763850188,196627,809354,42,1
2,Payment,1763850188,216898,364937,4,1
2,Payment,1763850188,232993,520005,6,1
2,Payment,1763850188,236314,364192,18,1
1,NewOrder,1763850188,242420,322536,36,1
1,NewOrder,1763850188,263216,527383,30,1
2,Payment,1763850188,272024,377200,25,1
1,NewOrder,1763850188,275811,445247,16,1
4,Delivery,1763850188,288209,314051,32,1
1,NewOrder,1763850188,295775,270110,13,1
2,Payment,1763850188,300948,298461,23,1
2,Payment,1763850188,306313,375748,48,1
1,NewOrder,1763850188,328897,395867,1,1
1,NewOrder,1763850188,344198,421131,45,1
2,Payment,1763850188,377346,374421,29,1
1,NewOrder,1763850188,390713,300575,33,1
1,NewOrder,1763850188,392742,459496,22,1
2,Payment,1763850188,415219,557981,17,1
3,OrderStatus,1763850188,417847,80945,39,1
2,Payment,1763850188,425243,614392,49,1
2,Payment,1763850188,428690,274424,12,1
2,Payment,1763850188,429795,364712,0,1
3,OrderStatus,1763850188,432396,79398,34,1
1,NewOrder,1763850188,437750,304741,24,1
2,Payment,1763850188,443476,355143,37,1
2,Payment,1763850188,468294,312958,8,1
1,NewOrder,1763850188,498830,555518,39,1
2,Payment,1763850188,511832,324738,34,1
2,Payment,1763850188,524121,327726,3,1
2,Payment,1763850188,524201,425893,20,1
1,NewOrder,1763850188,531810,400933,19,1
2,Payment,1763850188,535858,342888,31,1
1,NewOrder,1763850188,553823,100482,2,1
1,NewOrder,1763850188,564995,496271,36,1
1,NewOrder,1763850188,565083,294795,46,1
1,NewOrder,1763850188,565918,269719,13,1
1,NewOrder,1763850188,566314,538209,27,1
1,NewOrder,1763850188,566641,242108,15,1
4,Delivery,1763850188,566697,254077,21,1
2,Payment,1763850188,566933,495381,44,1
2,Payment,1763850188,567360,262156,28,1
1,NewOrder,1763850188,575248,398372,14,1
1,NewOrder,1763850188,581869,548959,4,1
1,NewOrder,1763850188,590258,383276,41,1
1,NewOrder,1763850188,598987,401949,26,1
3,OrderStatus,1763850188,599150,29198,47,1
1,NewOrder,1763850188,599955,598977,23,1
1,NewOrder,1763850188,600529,681950,18,1
5,StockLevel,1763850188,602298,285220,32,1
2,Payment,1763850188,615216,430814,10,1
1,NewOrder,1763850188,628384,329704,47,1
2,Payment,1763850188,649280,571752,25,1
5,StockLevel,1763850188,654360,280729,2,1
1,NewOrder,1763850188,660791,217963,43,1
2,Payment,1763850188,664799,517332,11,1
4,Delivery,1763850188,679862,293361,5,1
1,NewOrder,1763850188,680298,485085,7,1
1,NewOrder,1763850188,682082,736175,48,1
1,NewOrder,1763850188,691375,246463,38,1
2,Payment,1763850188,691503,296697,33,1
1,NewOrder,1763850188,703152,715088,12,1
2,Payment,1763850188,721110,614442,16,1
1,NewOrder,1763850188,724807,323821,1,1
1,NewOrder,1763850188,725099,693296,40,1
1,NewOrder,1763850188,742528,492029,24,1
1,NewOrder,1763850188,751779,273802,35,1
1,NewOrder,1763850188,752038,410025,29,1
2,Payment,1763850188,753027,491704,6,1
2,Payment,1763850188,765365,734361,45,1
1,NewOrder,1763850188,781293,703839,8,1
2,Payment,1763850188,790648,269622,30,1
2,Payment,1763850188,794553,420802,0,1
1,NewOrder,1763850188,798669,261806,37,1
2,Payment,1763850188,808791,571431,15,1
1,NewOrder,1763850188,820840,309114,21,1
2,Payment,1763850188,829557,462721,28,1
1,NewOrder,1763850188,835734,649572,13,1
1,NewOrder,1763850188,836718,362188,34,1
1,NewOrder,1763850188,851916,594383,3,1
1,NewOrder,1763850188,852290,528045,22,1
1,NewOrder,1763850188,859931,341674,46,1
1,NewOrder,1763850188,878768,569847,9,1
1,NewOrder,1763850188,878808,387257,31,1
1,NewOrder,1763850188,878810,539865,43,1
2,Payment,1763850188,887573,531127,32,1
2,Payment,1763850188,933574,544182,19,1
4,Delivery,1763850188,935142,395564,2,1
5,StockLevel,1763850188,937892,327843,38,1
1,NewOrder,1763850188,950151,215443,20,1
1,NewOrder,1763850188,958136,343875,47,1
2,Payment,1763850188,973266,546380,17,1
5,StockLevel,1763850188,973274,275089,5,1
1,NewOrder,1763850188,973588,223304,41,1
2,Payment,1763850188,973955,555063,14,1
1,NewOrder,1763850188,988266,357765,33,1
2,Payment,1763850189,000984,355154,26,1
1,NewOrder,1763850189,006023,334939,42,1
2,Payment,1763850189,025626,139756,35,1
1,NewOrder,1763850189,039768,522256,49,1
2,Payment,1763850189,046088,512792,10,1
2,Payment,1763850189,048682,460236,1,1
1,NewOrder,1763850189,054379,325990,39,1
1,NewOrder,1763850189,060322,455644,30,1
1,NewOrder,1763850189,060518,359123,37,1
1,NewOrder,1763850189,061308,357205,36,1
2,Payment,1763850189,062350,394848,44,1
1,NewOrder,1763850189,104580,388882,27,1
3,OrderStatus,1763850189,130000,74707,21,1
1,NewOrder,1763850189,130872,288855,4,1
1,NewOrder,1763850189,162106,369247,29,1
2,Payment,1763850189,165420,363927,7,1
4,Delivery,1763850189,165420,154212,35,1
1,NewOrder,1763850189,165622,252824,20,1
1,NewOrder,1763850189,182177,445860,11,1
2,Payment,1763850189,196971,303016,41,1
1,NewOrder,1763850189,198943,367768,34,1
1,NewOrder,1763850189,199032,235613,23,1
1,NewOrder,1763850189,201647,355164,46,1
1,NewOrder,1763850189,204749,213602,21,1
2,Payment,1763850189,215406,341444,0,1
1,NewOrder,1763850189,221073,315433,25,1
1,NewOrder,1763850189,234613,101386,24,1
2,Payment,1763850189,244796,333023,6,1
2,Payment,1763850189,248422,378855,5,1
2,Payment,1763850189,265795,261609,38,1
1,NewOrder,1763850189,266105,330248,31,1
2,Payment,1763850189,282531,274280,18,1
2,Payment,1763850189,292321,264583,28,1
1,NewOrder,1763850189,302052,325703,47,1
1,NewOrder,1763850189,320183,307544,35,1
2,Payment,1763850189,330798,240392,2,1
2,Payment,1763850189,335596,268301,16,1
1,NewOrder,1763850189,336018,180001,24,1
2,Payment,1763850189,341002,204104,42,1
2,Payment,1763850189,346061,285690,33,1
1,NewOrder,1763850189,356184,326329,26,1
1,NewOrder,1763850189,380265,471669,15,1
1,NewOrder,1763850189,380374,129344,22,1
1,NewOrder,1763850189,380390,324392,39,1
1,NewOrder,1763850189,418294,210654,12,1
1,NewOrder,1763850189,418294,193128,48,1
2,Payment,1763850189,418399,224778,21,1
1,NewOrder,1763850189,418418,213780,40,1
2,Payment,1763850189,418468,289997,20,1
4,Delivery,1763850189,418541,148160,36,1
5,StockLevel,1763850189,418703,419598,43,1
5,StockLevel,1763850189,418727,108364,32,1
1,NewOrder,1763850189,419722,220446,37,1
1,NewOrder,1763850189,419746,374562,4,1
2,Payment,1763850189,436364,134850,23,1
2,Payment,1763850189,446356,180606,3,1
1,NewOrder,1763850189,448715,311279,9,1
2,Payment,1763850189,457283,313301,44,1
2,Payment,1763850189,477800,464204,19,1
1,NewOrder,1763850189,485179,190857,8,1
2,Payment,1763850189,485447,208950,13,1
1,NewOrder,1763850189,493506,214926,27,1
2,Payment,1763850189,499769,162445,45,1
2,Payment,1763850189,500010,301717,41,1
2,Payment,1763850189,508962,310459,1,1
1,NewOrder,1763850189,509744,310439,22,1
2,Payment,1763850189,516011,210894,30,1
2,Payment,1763850189,516056,357979,24,1
1,NewOrder,1763850189,519699,233084,17,1
1,NewOrder,1763850189,527132,338404,32,1
2,Payment,1763850189,527428,204642,38,1
3,OrderStatus,1763850189,529070,7397,14,1
2,Payment,1763850189,529372,391122,7,1
2,Payment,1763850189,531392,251738,29,1
2,Payment,1763850189,536508,202116,14,1
4,Delivery,1763850189,536525,183173,25,1
2,Payment,1763850189,545149,279351,42,1
1,NewOrder,1763850189,556855,96218,18,1
1,NewOrder,1763850189,556855,263778,46,1
1,NewOrder,1763850189,556879,228758,0,1
1,NewOrder,1763850189,556923,308482,28,1
2,Payment,1763850189,558912,201113,10,1
1,NewOrder,1763850189,562055,197939,49,1
1,NewOrder,1763850189,566751,214077,36,1
1,NewOrder,1763850189,566754,296807,34,1
2,Payment,1763850189,571234,294404,2,1
1,NewOrder,1763850189,571244,230361,23,1
4,Delivery,1763850189,577849,93191,6,1
4,Delivery,1763850189,596400,236195,31,1
2,Payment,1763850189,603957,398158,16,1
2,Payment,1763850189,611468,286961,48,1
1,NewOrder,1763850189,627018,351587,3,1
1,NewOrder,1763850189,627294,395428,5,1
1,NewOrder,1763850189,627770,211670,35,1
1,NewOrder,1763850189,627799,155346,47,1
1,NewOrder,1763850189,628065,281788,11,1
2,Payment,1763850189,628976,172750,12,1
2,Payment,1763850189,631967,319855,33,1
2,Payment,1763850189,632234,282541,40,1
1,NewOrder,1763850189,640211,204805,37,1
2,Payment,1763850189,643220,258692,21,1
3,OrderStatus,1763850189,653111,96242,18,1
1,NewOrder,1763850189,662252,365604,45,1
4,Delivery,1763850189,671100,105151,6,1
1,NewOrder,1763850189,676094,342156,8,1
1,NewOrder,1763850189,682556,207276,26,1
1,NewOrder,1763850189,694452,204529,13,1
5,StockLevel,1763850189,704830,554359,39,1
1,NewOrder,1763850189,708484,239119,27,1
1,NewOrder,1763850189,708494,275960,20,1
2,Payment,1763850189,719759,294103,25,1
1,NewOrder,1763850189,726956,291749,30,1
1,NewOrder,1763850189,732159,128764,38,1
1,NewOrder,1763850189,738668,162976,14,1
1,NewOrder,1763850189,749399,371098,18,1
5,StockLevel,1763850189,752860,508652,17,1
1,NewOrder,1763850189,760037,262702,49,1
1,NewOrder,1763850189,760037,253238,9,1
1,NewOrder,1763850189,760056,167338,10,1
1,NewOrder,1763850189,770628,269707,44,1
2,Payment,1763850189,776281,269291,6,1
1,NewOrder,1763850189,780860,625326,36,1
2,Payment,1763850189,783167,249361,29,1
1,NewOrder,1763850189,783167,190471,47,1
1,NewOrder,1763850189,785696,242127,0,1
1,NewOrder,1763850189,794338,223832,4,1
1,NewOrder,1763850189,801641,221849,23,1
1,NewOrder,1763850189,801753,226019,41,1
1,NewOrder,1763850189,801765,156338,12,1
1,NewOrder,1763850189,819524,148594,1,1
1,NewOrder,1763850189,820228,187259,22,1
2,Payment,1763850189,820689,271451,46,1
1,NewOrder,1763850189,824578,182826,42,1
1,NewOrder,1763850189,832640,224113,31,1
1,NewOrder,1763850189,838354,312280,43,1
1,NewOrder,1763850189,839471,92244,35,1
1,NewOrder,1763850189,845068,86573,37,1
2,Payment,1763850189,851973,343761,15,1
2,Payment,1763850189,860986,618983,38,1
2,Payment,1763850189,863596,297410,34,1
1,NewOrder,1763850189,865449,259759,28,1
1,NewOrder,1763850189,865560,174778,32,1
2,Payment,1763850189,865693,189435,2,1
2,Payment,1763850189,874109,209963,24,1
1,NewOrder,1763850189,889883,301404,26,1
2,Payment,1763850189,898492,374975,48,1
2,Payment,1763850189,899015,114938,13,1
2,Payment,1763850189,901725,130798,14,1
2,Payment,1763850189,901947,250619,21,1
1,NewOrder,1763850189,909899,333128,11,1
2,Payment,1763850189,914810,270486,40,1
2,Payment,1763850189,920535,204668,7,1
2,Payment,1763850189,927427,333315,10,1
2,Payment,1763850189,931688,653337,37,1
2,Payment,1763850189,931742,704897,35,1
1,NewOrder,1763850189,942048,183129,19,1
1,NewOrder,1763850189,947638,243628,27,1
1,NewOrder,1763850189,951870,423879,33,1
4,Delivery,1763850189,958146,158309,12,1
1,NewOrder,1763850189,968155,291013,1,1
2,Payment,1763850189,973730,386562,47,1
2,Payment,1763850189,978645,159141,3,1
2,Payment,1763850189,984501,284907,20,1
1,NewOrder,1763850190,002164,539914,16,1
1,NewOrder,1763850190,007451,404912,42,1
1,NewOrder,1763850190,007521,543632,22,1
2,Payment,1763850190,013326,219031,9,1
2,Payment,1763850190,013887,208877,25,1
2,Payment,1763850190,013985,304419,13,1
1,NewOrder,1763850190,018217,332610,4,1
1,NewOrder,1763850190,018287,509255,8,1
1,NewOrder,1763850190,018732,315811,30,1
1,NewOrder,1763850190,022773,334148,5,1
1,NewOrder,1763850190,022775,627712,49,1
1,NewOrder,1763850190,023514,519194,23,1
2,Payment,1763850190,027809,454597,41,1
2,Payment,1763850190,027856,424427,0,1
1,NewOrder,1763850190,027880,500266,45,1
4,Delivery,1763850190,032568,559230,29,1
2,Payment,1763850190,032569,323464,14,1
1,NewOrder,1763850190,040386,197238,32,1
3,OrderStatus,1763850190,040389,89300,44,1
2,Payment,1763850190,045621,590395,6,1
1,NewOrder,1763850190,055172,187809,2,1
3,OrderStatus,1763850190,056784,20391,31,1
2,Payment,1763850190,077206,375055,31,1
1,NewOrder,1763850190,084129,523100,24,1
1,NewOrder,1763850190,092201,451166,46,1
2,Payment,1763850190,116516,328834,12,1
2,Payment,1763850190,120552,477713,18,1
1,NewOrder,1763850190,125242,147796,19,1
2,Payment,1763850190,125249,585967,7,1
1,NewOrder,1763850190,125250,432712,28,1
2,Payment,1763850190,129732,397742,44,1
2,Payment,1763850190,137846,387938,3,1
3,OrderStatus,1763850190,150697,100113,43,1
2,Payment,1763850190,152639,483755,21,1
1,NewOrder,1763850190,161063,449852,34,1
1,NewOrder,1763850190,185351,615214,40,1
1,NewOrder,1763850190,191337,593142,26,1
3,OrderStatus,1763850190,191627,76136,27,1
1,NewOrder,1763850190,195795,566685,15,1
2,Payment,1763850190,222825,620425,25,1
1,NewOrder,1763850190,232464,774330,9,1
1,NewOrder,1763850190,237711,503615,32,1
2,Payment,1763850190,243039,375787,2,1
2,Payment,1763850190,243083,283869,11,1
1,NewOrder,1763850190,250875,562281,43,1
2,Payment,1763850190,259220,482209,1,1
1,NewOrder,1763850190,259236,978757,39,1
5,StockLevel,1763850190,260775,239360,10,1
4,Delivery,1763850190,261551,373898,17,1
1,NewOrder,1763850190,267806,826950,27,1
2,Payment,1763850190,269440,449893,20,1
1,NewOrder,1763850190,273073,392281,19,1
2,Payment,1763850190,273507,437643,48,1
2,Payment,1763850190,318481,323300,13,1
2,Payment,1763850190,335433,474037,30,1
1,NewOrder,1763850190,350895,783419,4,1
1,NewOrder,1763850190,356107,559328,14,1
1,NewOrder,1763850190,357003,536792,5,1
2,Payment,1763850190,360352,435218,47,1
2,Payment,1763850190,375802,537007,33,1
1,NewOrder,1763850190,406245,544497,36,1
1,NewOrder,1763850190,412412,259930,42,1
2,Payment,1763850190,445415,573147,12,1
2,Payment,1763850190,452329,723676,0,1
3,OrderStatus,1763850190,452472,47342,31,1
5,StockLevel,1763850190,480021,489107,38,1
5,StockLevel,1763850190,482460,391520,41,1
2,Payment,1763850190,499866,481536,31,1
2,Payment,1763850190,500170,653143,10,1
1,NewOrder,1763850190,525831,493934,3,1
2,Payment,1763850190,527019,675244,11,1
1,NewOrder,1763850190,527567,546543,8,1
2,Payment,1763850190,527620,329112,44,1
1,NewOrder,1763850190,528174,865615,45,1
2,Payment,1763850190,542578,276118,16,1
2,Payment,1763850190,542749,315101,23,1
1,NewOrder,1763850190,543398,448984,46,1
2,Payment,1763850190,551185,416573,22,1
1,NewOrder,1763850190,558003,539687,28,1
1,NewOrder,1763850190,585060,432908,37,1
2,Payment,1763850190,592006,561303,29,1
2,Payment,1763850190,598305,290016,18,1
2,Payment,1763850190,607287,410921,24,1
2,Payment,1763850190,610954,413990,34,1
2,Payment,1763850190,618869,619406,2,1
1,NewOrder,1763850190,635494,460808,17,1
2,Payment,1763850190,636049,483198,6,1
2,Payment,1763850190,636409,438308,21,1
1,NewOrder,1763850190,636693,296519,35,1
5,StockLevel,1763850190,641824,379158,13,1
1,NewOrder,1763850190,650530,423552,49,1
1,NewOrder,1763850190,665387,352903,19,1
1,NewOrder,1763850190,672396,424093,42,1
4,Delivery,1763850190,711213,443986,48,1
1,NewOrder,1763850190,711274,527638,7,1
1,NewOrder,1763850190,719378,1088893,20,1
1,NewOrder,1763850190,741813,513951,32,1
2,Payment,1763850190,741960,543277,1,1
1,NewOrder,1763850190,762531,405871,15,1
2,Payment,1763850190,784517,410887,26,1
3,OrderStatus,1763850190,795639,134051,47,1
2,Payment,1763850190,800739,354346,40,1
1,NewOrder,1763850190,809542,428406,30,1
1,NewOrder,1763850190,813211,218724,43,1
4,Delivery,1763850190,818753,221544,16,1
2,Payment,1763850190,843309,395540,25,1
1,NewOrder,1763850190,856854,473895,44,1
2,Payment,1763850190,857911,1027275,23,1
2,Payment,1763850190,874053,476422,41,1
1,NewOrder,1763850190,888379,179812,18,1
2,Payment,1763850190,893860,416454,5,1
1,NewOrder,1763850190,913336,209880,33,1
1,NewOrder,1763850190,915494,379405,14,1
1,NewOrder,1763850190,929750,245004,47,1
2,Payment,1763850190,933259,402286,35,1
1,NewOrder,1763850190,950805,460260,36,1
1,NewOrder,1763850190,967824,222496,22,1
1,NewOrder,1763850190,969178,476335,38,1
2,Payment,1763850190,981458,360104,31,1
2,Payment,1763850190,992442,424919,46,1
2,Payment,1763850191,006886,397124,9,1
2,Payment,1763850191,018009,527776,37,1
4,Delivery,1763850191,018240,644387,24,1
2,Payment,1763850191,018310,203577,19,1
1,NewOrder,1763850191,018587,406035,12,1
5,StockLevel,1763850191,019803,180454,3,1
2,Payment,1763850191,021027,517344,13,1
2,Payment,1763850191,024986,368047,34,1
2,Payment,1763850191,031972,361072,43,1
2,Payment,1763850191,040339,285212,16,1
2,Payment,1763850191,068230,324418,18,1
2,Payment,1763850191,074124,419166,49,1
2,Payment,1763850191,074129,368364,8,1
3,OrderStatus,1763850191,074749,62435,21,1
1,NewOrder,1763850191,094801,298835,27,1
1,NewOrder,1763850191,096360,411364,17,1
2,Payment,1763850191,096530,387214,42,1
1,NewOrder,1763850191,097744,319457,28,1
1,NewOrder,1763850191,119297,493168,6,1
2,Payment,1763850191,123270,309346,33,1
1,NewOrder,1763850191,134354,282820,4,1
4,Delivery,1763850191,137225,602707,21,1
1,NewOrder,1763850191,153350,240317,29,1
1,NewOrder,1763850191,153352,229639,10,1
2,Payment,1763850191,155117,382347,40,1
1,NewOrder,1763850191,155223,417391,48,1
1,NewOrder,1763850191,168433,320888,15,1
2,Payment,1763850191,174806,510327,47,1
5,StockLevel,1763850191,176045,208313,0,1
1,NewOrder,1763850191,190369,855658,22,1
1,NewOrder,1763850191,195592,207616,26,1
1,NewOrder,1763850191,200319,161066,3,1
1,NewOrder,1763850191,202297,394542,11,1
1,NewOrder,1763850191,221921,350683,19,1
2,Payment,1763850191,237988,299322,30,1
2,Payment,1763850191,238017,364077,39,1
1,NewOrder,1763850191,238285,166329,2,1
1,NewOrder,1763850191,238867,116096,25,1
2,Payment,1763850191,238937,398437,7,1
2,Payment,1763850191,255847,381795,32,1
3,OrderStatus,1763850191,285740,99290,1,1
1,NewOrder,1763850191,294946,307345,14,1
2,Payment,1763850191,310354,368631,5,1
1,NewOrder,1763850191,325589,311954,16,1
2,Payment,1763850191,331000,225540,44,1
2,Payment,1763850191,335585,294950,35,1
2,Payment,1763850191,341605,321169,31,1
1,NewOrder,1763850191,350510,305116,41,1
1,NewOrder,1763850191,354998,197536,25,1
2,Payment,1763850191,361414,152289,3,1
1,NewOrder,1763850191,383028,198115,10,1
2,Payment,1763850191,384384,156942,0,1
2,Payment,1763850191,385077,196202,1,1
1,NewOrder,1763850191,392707,174734,18,1
2,Payment,1763850191,393060,316570,34,1
1,NewOrder,1763850191,393074,282785,43,1
2,Payment,1763850191,393666,208914,27,1
1,NewOrder,1763850191,393677,273819,29,1
1,NewOrder,1763850191,393807,273708,45,1
2,Payment,1763850191,403246,353189,26,1
1,NewOrder,1763850191,404080,176991,9,1
1,NewOrder,1763850191,404639,246208,2,1
4,Delivery,1763850191,411107,264118,36,1
2,Payment,1763850191,417244,285174,4,1
1,NewOrder,1763850191,417246,310019,28,1
2,Payment,1763850191,417373,349384,46,1
2,Payment,1763850191,424672,260733,12,1
1,NewOrder,1763850191,432675,475928,33,1
1,NewOrder,1763850191,442548,274829,8,1
2,Payment,1763850191,445565,229678,38,1
2,Payment,1763850191,483782,233735,42,1
1,NewOrder,1763850191,489385,97012,15,1
1,NewOrder,1763850191,493479,373169,49,1
1,NewOrder,1763850191,507786,147900,17,1
2,Payment,1763850191,513770,208200,3,1
1,NewOrder,1763850191,537357,241436,30,1
2,Payment,1763850191,537503,202471,40,1
4,Delivery,1763850191,538395,322132,13,1
1,NewOrder,1763850191,541373,114435,0,1
1,NewOrder,1763850191,545827,194344,37,1
1,NewOrder,1763850191,552578,126382,25,1
2,Payment,1763850191,556589,244492,44,1
1,NewOrder,1763850191,567481,78214,18,1
2,Payment,1763850191,572695,163069,19,1
1,NewOrder,1763850191,572695,346438,48,1
2,Payment,1763850191,581112,158856,9,1
2,Payment,1763850191,581275,166820,10,1
2,Payment,1763850191,581290,171882,1,1
3,OrderStatus,1763850191,586443,97494,15,1
4,Delivery,1763850191,596876,508911,11,1
4,Delivery,1763850191,602137,612720,39,1
3,OrderStatus,1763850191,602318,42851,14,1
1,NewOrder,1763850191,602600,302909,27,1
2,Payment,1763850191,612588,144284,6,1
4,Delivery,1763850191,630581,67167,35,1
1,NewOrder,1763850191,637414,81857,7,1
1,NewOrder,1763850191,637560,150173,16,1
1,NewOrder,1763850191,637729,229066,32,1
2,Payment,1763850191,645299,133553,14,1
2,Payment,1763850191,645718,399582,18,1
2,Payment,1763850191,650895,168936,2,1
2,Payment,1763850191,655691,171397,41,1
2,Payment,1763850191,655761,434870,17,1
2,Payment,1763850191,655830,191268,0,1
1,NewOrder,1763850191,662706,1145260,24,1
5,StockLevel,1763850191,662804,443963,31,1
2,Payment,1763850191,667552,280536,45,1
1,NewOrder,1763850191,667606,198426,29,1
4,Delivery,1763850191,675265,107598,36,1
1,NewOrder,1763850191,675278,103586,38,1
1,NewOrder,1763850191,675876,334091,43,1
2,Payment,1763850191,678998,273280,25,1
2,Payment,1763850191,679210,128793,5,1
1,NewOrder,1763850191,683978,220885,15,1
5,StockLevel,1763850191,685169,474354,47,1
1,NewOrder,1763850191,685431,502912,12,1
2,Payment,1763850191,697801,99830,35,1
1,NewOrder,1763850191,702459,516068,4,1
1,NewOrder,1763850191,709679,587551,34,1
4,Delivery,1763850191,717415,361470,8,1
2,Payment,1763850191,717536,401203,42,1
2,Payment,1763850191,719762,166845,7,1
1,NewOrder,1763850191,722004,423947,3,1
4,Delivery,1763850191,727305,504987,28,1
2,Payment,1763850191,735808,412463,19,1
2,Payment,1763850191,739976,1183380,21,1
1,NewOrder,1763850191,739999,285816,40,1
2,Payment,1763850191,740003,187114,9,1
2,Payment,1763850191,740194,126205,37,1
5,StockLevel,1763850191,748128,251998,10,1
1,NewOrder,1763850191,753203,244748,1,1
2,Payment,1763850191,756469,364774,26,1
1,NewOrder,1763850191,756907,454596,6,1
2,Payment,1763850191,766786,239366,46,1
2,Payment,1763850191,778836,600701,30,1
2,Payment,1763850191,778897,129082,38,1
1,NewOrder,1763850191,778897,128749,14,1
1,NewOrder,1763850191,782906,393794,36,1
2,Payment,1763850191,787766,385207,16,1
1,NewOrder,1763850191,797749,610371,35,1
1,NewOrder,1763850191,801132,247244,44,1
1,NewOrder,1763850191,808041,399682,5,1
2,Payment,1763850191,808301,1421798,20,1
2,Payment,1763850191,819875,478098,2,1
1,NewOrder,1763850191,827133,461099,41,1
3,OrderStatus,1763850191,847138,141607,0,1
2,Payment,1763850191,860571,379855,13,1
2,Payment,1763850191,866079,294334,29,1
1,NewOrder,1763850191,866428,121626,37,1
2,Payment,1763850191,866694,223801,49,1
2,Payment,1763850191,867239,615909,32,1
2,Payment,1763850191,885233,1547826,23,1
2,Payment,1763850191,887589,387489,7,1
2,Payment,1763850191,904904,292546,15,1
2,Payment,1763850191,905543,284162,27,1
2,Payment,1763850191,907695,401519,14,1
1,NewOrder,1763850191,908001,264249,38,1
1,NewOrder,1763850191,908630,835376,33,1
2,Payment,1763850191,919177,235416,48,1
1,NewOrder,1763850191,927161,514434,9,1
1,NewOrder,1763850191,948138,343011,45,1
1,NewOrder,1763850191,952318,442026,25,1
1,NewOrder,1763850191,988092,563481,37,1
2,Payment,1763850191,988774,372752,0,1
1,NewOrder,1763850191,997998,639477,1,1
1,NewOrder,1763850192,000176,515637,10,1
2,Payment,1763850192,006195,539207,46,1
2,Payment,1763850192,010008,369040,43,1
2,Payment,1763850192,025850,391694,40,1
1,NewOrder,1763850192,045345,348027,18,1
1,NewOrder,1763850192,046057,1532999,22,1
2,Payment,1763850192,048418,443901,44,1
2,Payment,1763850192,078925,645408,8,1
1,NewOrder,1763850192,090708,351712,17,1
1,NewOrder,1763850192,091388,340947,49,1
1,NewOrder,1763850192,105832,482342,11,1
1,NewOrder,1763850192,106797,603319,31,1
1,NewOrder,1763850192,119036,528145,42,1
1,NewOrder,1763850192,121287,320607,26,1
2,Payment,1763850192,145989,603262,3,1
1,NewOrder,1763850192,148304,149018,19,1
1,NewOrder,1763850192,154629,583565,48,1
1,NewOrder,1763850192,159565,687225,47,1
1,NewOrder,1763850192,160442,207600,29,1
2,Payment,1763850192,172304,454391,38,1
2,Payment,1763850192,173007,410755,16,1
2,Payment,1763850192,177177,507134,36,1
1,NewOrder,1763850192,188383,419675,12,1
4,Delivery,1763850192,189739,306991,27,1
1,NewOrder,1763850192,197528,1015111,15,1
1,NewOrder,1763850192,207765,443053,5,1
1,NewOrder,1763850192,211542,293756,6,1
2,Payment,1763850192,214932,546496,39,1
1,NewOrder,1763850192,218567,466138,4,1
1,NewOrder,1763850192,232331,442645,28,1
5,StockLevel,1763850192,240469,435649,13,1
2,Payment,1763850192,275121,491608,7,1
1,NewOrder,1763850192,288276,478951,41,1
1,NewOrder,1763850192,291210,506388,45,1
3,OrderStatus,1763850192,297273,57640,34,1
1,NewOrder,1763850192,297354,916678,19,1
2,Payment,1763850192,298001,509852,2,1
1,NewOrder,1763850192,309256,614891,14,1
2,Payment,1763850192,354957,527321,34,1
1,NewOrder,1763850192,361569,849030,0,1
5,StockLevel,1763850192,368099,815639,29,1
1,NewOrder,1763850192,379092,503642,43,1
2,Payment,1763850192,379577,543573,30,1
1,NewOrder,1763850192,393419,488982,18,1
2,Payment,1763850192,394384,365892,25,1
1,NewOrder,1763850192,408198,886081,35,1
5,StockLevel,1763850192,417591,882944,40,1
2,Payment,1763850192,432382,481412,49,1
1,NewOrder,1763850192,441635,931656,9,1
5,StockLevel,1763850192,441927,793351,26,1
1,NewOrder,1763850192,442437,420133,17,1
2,Payment,1763850192,483190,760236,32,1
2,Payment,1763850192,492376,738354,44,1
1,NewOrder,1763850192,496775,810716,27,1
1,NewOrder,1763850192,505347,648978,6,1
1,NewOrder,1763850192,515860,291691,10,1
2,Payment,1763850192,545440,685811,46,1
1,NewOrder,1763850192,551632,699745,37,1
2,Payment,1763850192,583841,715670,16,1
2,Payment,1763850192,588213,594796,11,1
2,Payment,1763850192,608097,737730,12,1
1,NewOrder,1763850192,626741,753121,38,1
1,NewOrder,1763850192,637519,767618,1,1
1,NewOrder,1763850192,647220,933460,42,1
4,Delivery,1763850192,650856,109651,5,1
1,NewOrder,1763850192,675014,537190,28,1
1,NewOrder,1763850192,676146,801284,13,1
2,Payment,1763850192,684353,747737,36,1
1,NewOrder,1763850192,684729,417535,4,1
3,OrderStatus,1763850192,710162,29309,31,1
2,Payment,1763850192,724397,666750,8,1
2,Payment,1763850192,738239,588556,48,1
2,Payment,1763850192,739514,568201,31,1
2,Payment,1763850192,744085,701416,33,1
1,NewOrder,1763850192,749289,606081,3,1
2,Payment,1763850192,760550,716699,5,1
1,NewOrder,1763850192,761221,474525,25,1
1,NewOrder,1763850192,761452,817609,39,1
1,NewOrder,1763850192,766784,821040,7,1
4,Delivery,1763850192,767249,653846,41,1
2,Payment,1763850192,797639,615883,45,1
1,NewOrder,1763850192,807594,677968,10,1
1,NewOrder,1763850192,807881,443556,2,1
2,Payment,1763850192,807992,838516,24,1
4,Delivery,1763850192,846826,508544,47,1
1,NewOrder,1763850192,862613,583119,17,1
2,Payment,1763850192,882315,649010,34,1
5,StockLevel,1763850192,882430,438326,18,1
1,NewOrder,1763850192,882748,649175,43,1
1,NewOrder,1763850192,913833,692502,49,1
1,NewOrder,1763850192,923193,791893,30,1
1,NewOrder,1763850192,923380,585199,21,1
2,Payment,1763850192,924215,664008,14,1
3,OrderStatus,1763850193,102302,142342,4,1
1,NewOrder,1763850193,155977,471836,6,1
2,Payment,1763850193,183049,499105,11,1
2,Payment,1763850193,183773,251064,29,1
1,NewOrder,1763850193,210642,212281,0,1
2,Payment,1763850193,212246,264960,28,1
4,Delivery,1763850193,212707,219755,15,1
1,NewOrder,1763850193,214063,242110,19,1
1,NewOrder,1763850193,230140,301117,20,1
1,NewOrder,1763850193,230763,217329,44,1
1,NewOrder,1763850193,231273,348020,46,1
2,Payment,1763850193,235321,344015,26,1
2,Payment,1763850193,235773,459740,25,1
1,NewOrder,1763850193,243468,466772,32,1
5,StockLevel,1763850193,244736,407649,4,1
2,Payment,1763850193,251419,394227,37,1
2,Payment,1763850193,251465,225741,2,1
3,OrderStatus,1763850193,294324,105682,35,1
2,Payment,1763850193,299555,208740,16,1
2,Payment,1763850193,300570,345490,40,1
2,Payment,1763850193,307724,430922,31,1
2,Payment,1763850193,308031,416539,27,1
2,Payment,1763850193,320793,325469,18,1
1,NewOrder,1763850193,326839,253756,48,1
1,NewOrder,1763850193,345866,463849,12,1
2,Payment,1763850193,355410,232873,3,1
4,Delivery,1763850193,355411,223911,47,1
1,NewOrder,1763850193,373328,215282,9,1
2,Payment,1763850193,379895,344675,38,1
2,Payment,1763850193,391183,360103,8,1
3,OrderStatus,1763850193,400050,10507,35,1
1,NewOrder,1763850193,405182,295059,1,1
1,NewOrder,1763850193,410594,177407,35,1
2,Payment,1763850193,413563,242035,45,1
2,Payment,1763850193,421132,283981,41,1
1,NewOrder,1763850193,422965,245827,0,1
1,NewOrder,1763850193,432488,385829,36,1
2,Payment,1763850193,432495,313259,15,1
2,Payment,1763850193,433083,232944,23,1
2,Payment,1763850193,435891,354841,29,1
1,NewOrder,1763850193,445539,275447,33,1
1,NewOrder,1763850193,445772,838361,17,1
2,Payment,1763850193,448125,354657,44,1
4,Delivery,1763850193,456209,582201,19,1
2,Payment,1763850193,477250,419027,28,1
2,Payment,1763850193,477250,308333,2,1
1,NewOrder,1763850193,477285,363902,5,1
2,Payment,1763850193,477450,355249,13,1
2,Payment,1763850193,485607,364122,10,1
1,NewOrder,1763850193,508335,570583,16,1
1,NewOrder,1763850193,508611,258220,21,1
1,NewOrder,1763850193,531293,264926,20,1
2,Payment,1763850193,531356,239549,34,1
1,NewOrder,1763850193,531951,364691,43,1
2,Payment,1763850193,579099,302599,22,1
1,NewOrder,1763850193,579099,275419,39,1
2,Payment,1763850193,579310,145295,46,1
2,Payment,1763850193,579335,109883,47,1
1,NewOrder,1763850193,579365,466445,26,1
1,NewOrder,1763850193,580617,330906,48,1
1,NewOrder,1763850193,580704,315908,42,1
2,Payment,1763850193,587864,374463,7,1
2,Payment,1763850193,588030,280557,35,1
2,Payment,1763850193,588233,285824,14,1
3,OrderStatus,1763850193,588306,124085,3,1
1,NewOrder,1763850193,588632,299569,9,1
2,Payment,1763850193,606379,374344,49,1
1,NewOrder,1763850193,627851,216794,6,1
1,NewOrder,1763850193,645744,181304,37,1
2,Payment,1763850193,646094,282002,40,1
2,Payment,1763850193,646288,676605,18,1
1,NewOrder,1763850193,646520,166774,24,1
1,NewOrder,1763850193,652425,209823,4,1
2,Payment,1763850193,656382,381873,45,1
2,Payment,1763850193,666069,258649,23,1
1,NewOrder,1763850193,668832,213614,0,1
1,NewOrder,1763850193,682215,307336,11,1
2,Payment,1763850193,689256,366946,47,1
2,Payment,1763850193,695550,385021,25,1
2,Payment,1763850193,700287,357423,1,1
1,NewOrder,1763850193,705158,191417,41,1
2,Payment,1763850193,710280,107867,32,1
1,NewOrder,1763850193,712427,255458,3,1
2,Payment,1763850193,715144,188295,30,1
1,NewOrder,1763850193,721034,308282,33,1
1,NewOrder,1763850193,724621,256086,38,1
2,Payment,1763850193,724621,412594,27,1
1,NewOrder,1763850193,724637,600816,46,1
2,Payment,1763850193,738702,317789,31,1
1,NewOrder,1763850193,745804,726205,15,1
1,NewOrder,1763850193,751442,294571,8,1
1,NewOrder,1763850193,766876,312183,21,1
1,NewOrder,1763850193,770948,205452,34,1
1,NewOrder,1763850193,785621,397181,2,1
1,NewOrder,1763850193,790776,259252,29,1
2,Payment,1763850193,796262,367142,20,1
4,Delivery,1763850193,802821,353637,44,1
2,Payment,1763850193,811116,210318,12,1
2,Payment,1763850193,813338,410411,24,1
2,Payment,1763850193,818190,319592,32,1
1,NewOrder,1763850193,818338,184460,36,1
2,Payment,1763850193,827085,211815,37,1
3,OrderStatus,1763850193,832741,36317,13,1
2,Payment,1763850193,841229,235766,5,1
3,OrderStatus,1763850193,845264,36114,6,1
1,NewOrder,1763850193,849773,121219,10,1
1,NewOrder,1763850193,854556,448459,39,1
2,Payment,1763850193,862280,356978,4,1
2,Payment,1763850193,868631,194531,35,1
2,Payment,1763850193,869087,186263,13,1
1,NewOrder,1763850193,874091,374799,14,1
2,Payment,1763850193,881417,379112,6,1
1,NewOrder,1763850193,881731,235412,22,1
1,NewOrder,1763850193,882471,299369,0,1
2,Payment,1763850193,888243,303001,9,1
5,StockLevel,1763850193,896322,165031,28,1
2,Payment,1763850193,896601,73026,41,1
2,Payment,1763850193,896642,92947,42,1
3,OrderStatus,1763850193,896709,81977,43,1
1,NewOrder,1763850193,903478,320204,30,1
2,Payment,1763850193,911556,450398,48,1
1,NewOrder,1763850193,924764,418288,23,1
1,NewOrder,1763850193,928138,428216,40,1
2,Payment,1763850193,962482,340214,7,1
1,NewOrder,1763850193,967923,215030,3,1
1,NewOrder,1763850193,969681,344900,41,1
1,NewOrder,1763850193,971034,348851,10,1
2,Payment,1763850193,976437,356305,34,1
1,NewOrder,1763850193,978738,148628,43,1
2,Payment,1763850193,980751,353156,38,1
2,Payment,1763850193,980759,429847,49,1
1,NewOrder,1763850193,989611,330455,11,1
2,Payment,1763850193,989620,397870,42,1
5,StockLevel,1763850194,002837,240415,36,1
2,Payment,1763850194,021475,348388,12,1
3,OrderStatus,1763850194,029362,29672,33,1
2,Payment,1763850194,038300,438684,45,1
1,NewOrder,1763850194,038437,411995,19,1
1,NewOrder,1763850194,038917,232460,37,1
2,Payment,1763850194,045851,110525,26,1
1,NewOrder,1763850194,046041,403341,8,1
2,Payment,1763850194,050066,184434,29,1
2,Payment,1763850194,055393,394182,13,1
1,NewOrder,1763850194,056231,680448,47,1
1,NewOrder,1763850194,056500,227242,31,1
1,NewOrder,1763850194,057737,332166,1,1
4,Delivery,1763850194,059061,386518,33,1
2,Payment,1763850194,061393,222430,28,1
1,NewOrder,1763850194,063199,386516,35,1
1,NewOrder,1763850194,077028,312657,5,1
1,NewOrder,1763850194,078965,438291,16,1
2,Payment,1763850194,079089,386036,21,1
1,NewOrder,1763850194,080604,405014,25,1
1,NewOrder,1763850194,117185,285653,22,1
2,Payment,1763850194,127426,300552,43,1
1,NewOrder,1763850194,137264,283885,27,1
1,NewOrder,1763850194,137809,412616,32,1
1,NewOrder,1763850194,156419,362322,26,1
2,Payment,1763850194,156492,308326,44,1
1,NewOrder,1763850194,163739,213981,20,1
2,Payment,1763850194,181881,277534,0,1
2,Payment,1763850194,182837,329233,2,1
2,Payment,1763850194,182983,384012,3,1
2,Payment,1763850194,191286,326966,9,1
2,Payment,1763850194,219288,472566,4,1
2,Payment,1763850194,223724,506030,30,1
2,Payment,1763850194,223782,293568,24,1
2,Payment,1763850194,234538,350188,29,1
1,NewOrder,1763850194,243285,275868,36,1
1,NewOrder,1763850194,248925,562233,14,1
1,NewOrder,1763850194,260566,149324,6,1
2,Payment,1763850194,271423,343449,37,1
1,NewOrder,1763850194,283786,403906,31,1
2,Payment,1763850194,283856,396864,28,1
2,Payment,1763850194,284159,306749,17,1
1,NewOrder,1763850194,302731,480437,7,1
2,Payment,1763850194,303034,412713,39,1
2,Payment,1763850194,314615,182897,41,1
4,Delivery,1763850194,319949,88529,10,1
1,NewOrder,1763850194,320084,317122,11,1
4,Delivery,1763850194,322932,271883,18,1
2,Payment,1763850194,325494,474253,46,1
1,NewOrder,1763850194,332785,639792,34,1
1,NewOrder,1763850194,333942,502688,38,1
1,NewOrder,1763850194,343097,441477,23,1
1,NewOrder,1763850194,356394,389637,40,1
1,NewOrder,1763850194,361994,408139,48,1
2,Payment,1763850194,369906,497967,12,1
2,Payment,1763850194,377760,501537,20,1
2,Payment,1763850194,387524,396515,42,1
1,NewOrder,1763850194,389717,394315,5,1
4,Delivery,1763850194,389917,193915,1,1
2,Payment,1763850194,402882,660391,22,1
2,Payment,1763850194,408517,559547,10,1
1,NewOrder,1763850194,409924,353017,6,1
2,Payment,1763850194,410629,419655,49,1
1,NewOrder,1763850194,421191,442569,27,1
2,Payment,1763850194,428045,426133,43,1
1,NewOrder,1763850194,445619,504510,33,1
1,NewOrder,1763850194,449422,409559,8,1
2,Payment,1763850194,449605,663915,13,1
1,NewOrder,1763850194,449733,425819,35,1
1,NewOrder,1763850194,450463,499667,19,1
2,Payment,1763850194,459455,268411,0,1
2,Payment,1763850194,464859,458448,44,1
4,Delivery,1763850194,465160,252038,21,1
2,Payment,1763850194,472045,511256,15,1
2,Payment,1763850194,477021,414918,45,1
2,Payment,1763850194,485750,464385,25,1
3,OrderStatus,1763850194,497554,36460,41,1
1,NewOrder,1763850194,512424,437621,2,1
2,Payment,1763850194,517297,596441,16,1
2,Payment,1763850194,517386,643819,24,1
1,NewOrder,1763850194,518281,199277,9,1
2,Payment,1763850194,518769,490036,26,1
1,NewOrder,1763850194,519173,333858,36,1
1,NewOrder,1763850194,534046,506387,41,1
5,StockLevel,1763850194,550461,324041,32,1
2,Payment,1763850194,567032,442358,3,1
2,Payment,1763850194,583877,529623,1,1
5,StockLevel,1763850194,584765,268045,29,1
2,Payment,1763850194,590952,568996,17,1
2,Payment,1763850194,594859,571564,18,1
1,NewOrder,1763850194,614917,236311,37,1
2,Payment,1763850194,637251,523578,11,1
1,NewOrder,1763850194,680762,480444,28,1
2,Payment,1763850194,687735,314284,31,1
2,Payment,1763850194,691894,449006,4,1
2,Payment,1763850194,715789,207633,39,1
2,Payment,1763850194,717585,208644,9,1
1,NewOrder,1763850194,717961,566763,21,1
5,StockLevel,1763850194,727909,409449,0,1
2,Payment,1763850194,729794,310955,30,1
1,NewOrder,1763850194,736720,322849,47,1
2,Payment,1763850194,746075,415296,40,1
4,Delivery,1763850194,763036,171990,6,1
1,NewOrder,1763850194,770533,218804,48,1
1,NewOrder,1763850194,783215,219086,7,1
2,Payment,1763850194,784063,468643,42,1
2,Payment,1763850194,784063,257117,5,1
2,Payment,1763850194,784595,583980,23,1
5,StockLevel,1763850194,799790,514018,46,1
1,NewOrder,1763850194,811200,521136,14,1
5,StockLevel,1763850194,830323,545297,49,1
4,Delivery,1763850194,836701,493103,38,1
1,NewOrder,1763850194,851275,165958,37,1
2,Payment,1763850194,852860,412483,29,1
4,Delivery,1763850194,853058,684955,36,1
1,NewOrder,1763850194,854199,174735,43,1
2,Payment,1763850194,859023,219555,8,1
2,Payment,1763850194,863805,517634,27,1
2,Payment,1763850194,867920,523463,12,1
2,Payment,1763850194,874542,224886,32,1
2,Payment,1763850194,875577,199687,35,1
2,Payment,1763850194,879335,562030,20,1
1,NewOrder,1763850194,891977,138344,45,1
1,NewOrder,1763850194,923353,433388,44,1
1,NewOrder,1763850194,923453,314318,39,1
1,NewOrder,1763850194,926264,233828,9,1
1,NewOrder,1763850194,935062,226522,6,1
5,StockLevel,1763850194,950090,656397,2,1
5,StockLevel,1763850194,950161,391830,33,1
1,NewOrder,1763850194,950162,360061,19,1
1,NewOrder,1763850194,950164,184698,25,1
1,NewOrder,1763850194,968107,285805,10,1
4,Delivery,1763850194,972621,312086,34,1
2,Payment,1763850194,983342,380378,15,1
5,StockLevel,1763850194,989378,242146,48,1
1,NewOrder,1763850195,002067,344927,31,1
1,NewOrder,1763850195,002329,244451,7,1
2,Payment,1763850195,008843,421769,26,1
2,Payment,1763850195,009425,151524,3,1
1,NewOrder,1763850195,017276,111164,37,1
2,Payment,1763850195,028983,452016,43,1
2,Payment,1763850195,030353,48116,45,1
2,Payment,1763850195,040474,469221,41,1
2,Payment,1763850195,040767,357444,30,1
1,NewOrder,1763850195,041196,129488,5,1
2,Payment,1763850195,059611,101189,47,1
1,NewOrder,1763850195,063313,190212,22,1
1,NewOrder,1763850195,075309,392480,35,1
2,Payment,1763850195,078512,92181,45,1
2,Payment,1763850195,078613,208202,8,1
2,Payment,1763850195,099467,341634,32,1
1,NewOrder,1763850195,113547,247958,1,1
1,NewOrder,1763850195,113547,178894,13,1
2,Payment,1763850195,113770,327728,16,1
2,Payment,1763850195,128477,405054,37,1
1,NewOrder,1763850195,134905,509117,25,1
1,NewOrder,1763850195,137400,196766,0,1
1,NewOrder,1763850195,140961,173832,4,1
1,NewOrder,1763850195,159985,455959,17,1
1,NewOrder,1763850195,160119,302212,9,1
2,Payment,1763850195,160910,207644,47,1
3,OrderStatus,1763850195,160937,103356,11,1
1,NewOrder,1763850195,160971,143748,3,1
2,Payment,1763850195,161215,551305,28,1
2,Payment,1763850195,161220,481317,24,1
1,NewOrder,1763850195,161378,211307,40,1
2,Payment,1763850195,161591,168449,6,1
1,NewOrder,1763850195,166462,398176,18,1
2,Payment,1763850195,170717,406686,5,1
1,NewOrder,1763850195,170723,168909,45,1
1,NewOrder,1763850195,231576,458822,48,1
2,Payment,1763850195,237804,400410,39,1
1,NewOrder,1763850195,246819,194371,7,1
1,NewOrder,1763850195,252745,484535,42,1
2,Payment,1763850195,253565,419338,22,1
2,Payment,1763850195,253936,163451,10,1
1,NewOrder,1763850195,264326,286643,11,1
2,Payment,1763850195,265372,504953,29,1
2,Payment,1763850195,284751,276877,34,1
2,Payment,1763850195,284751,447745,21,1
5,StockLevel,1763850195,287290,482276,8,1
1,NewOrder,1763850195,292483,351549,13,1
1,NewOrder,1763850195,304760,136581,3,1
1,NewOrder,1763850195,310278,633700,19,1
2,Payment,1763850195,313839,478882,46,1
2,Payment,1763850195,314824,173334,4,1
4,Delivery,1763850195,329845,464707,38,1
2,Payment,1763850195,330065,308769,6,1
1,NewOrder,1763850195,332379,192077,14,1
2,Payment,1763850195,334202,298554,0,1
1,NewOrder,1763850195,339706,174794,45,1
1,NewOrder,1763850195,342039,375487,33,1
2,Payment,1763850195,347032,296522,31,1
4,Delivery,1763850195,356782,478012,44,1
2,Payment,1763850195,361549,305210,1,1
5,StockLevel,1763850195,363778,406976,15,1
1,NewOrder,1763850195,368590,610360,47,1
4,Delivery,1763850195,368603,426214,23,1
1,NewOrder,1763850195,372727,611357,40,1
2,Payment,1763850195,375680,660343,49,1
1,NewOrder,1763850195,381550,116311,27,1
2,Payment,1763850195,391418,295223,12,1
1,NewOrder,1763850195,398280,425049,30,1
2,Payment,1763850195,417429,305424,10,1
1,NewOrder,1763850195,430705,567888,26,1
2,Payment,1763850195,441223,311604,7,1
1,NewOrder,1763850195,441365,311462,3,1
1,NewOrder,1763850195,441388,639604,20,1
2,Payment,1763850195,441519,556607,16,1
5,StockLevel,1763850195,441612,7598,32,1
2,Payment,1763850195,449247,432148,32,1
5,StockLevel,1763850195,462693,321045,9,1
2,Payment,1763850195,467852,249876,35,1
1,NewOrder,1763850195,481041,198281,43,1
1,NewOrder,1763850195,488247,323392,4,1
2,Payment,1763850195,497903,554234,27,1
2,Payment,1763850195,509738,562159,41,1
2,Payment,1763850195,514556,604070,45,1
2,Payment,1763850195,524499,272864,14,1
1,NewOrder,1763850195,533597,547934,37,1
2,Payment,1763850195,538062,254902,36,1
1,NewOrder,1763850195,551010,484935,11,1
1,NewOrder,1763850195,561734,261094,34,1
1,NewOrder,1763850195,567043,601700,18,1
2,Payment,1763850195,577498,218501,5,1
2,Payment,1763850195,606526,286497,2,1
2,Payment,1763850195,615984,756056,17,1
3,OrderStatus,1763850195,632798,57208,0,1
1,NewOrder,1763850195,638303,345807,39,1
1,NewOrder,1763850195,638866,348545,6,1
2,Payment,1763850195,643596,271358,31,1
1,NewOrder,1763850195,643758,353747,24,1
2,Payment,1763850195,644048,471744,25,1
5,StockLevel,1763850195,644056,152584,13,1
1,NewOrder,1763850195,666807,438170,1,1
1,NewOrder,1763850195,672962,251768,22,1
1,NewOrder,1763850195,679360,492794,43,1
1,NewOrder,1763850195,686744,395648,12,1
1,NewOrder,1763850195,690393,541599,0,1
2,Payment,1763850195,690435,515206,48,1
1,NewOrder,1763850195,712582,271570,28,1
1,NewOrder,1763850195,717562,364970,33,1
2,Payment,1763850195,717736,416548,35,1
1,NewOrder,1763850195,722897,230186,10,1
1,NewOrder,1763850195,732532,339171,21,1
2,Payment,1763850195,737319,793902,42,1
2,Payment,1763850195,752871,533333,3,1
2,Payment,1763850195,752871,319078,7,1
1,NewOrder,1763850195,769604,245144,8,1
2,Payment,1763850195,770361,396764,29,1
2,Payment,1763850195,770783,705644,15,1
2,Payment,1763850195,783782,460227,9,1
1,NewOrder,1763850195,792790,696602,46,1
3,OrderStatus,1763850195,793005,15739,36,1
2,Payment,1763850195,794626,436925,38,1
1,NewOrder,1763850195,794846,339142,23,1
5,StockLevel,1763850195,796029,133618,5,1
5,StockLevel,1763850195,796732,30529,13,1
1,NewOrder,1763850195,797386,283866,14,1
2,Payment,1763850195,808812,562791,36,1
2,Payment,1763850195,811743,552552,4,1
1,NewOrder,1763850195,822869,410031,34,1
2,Payment,1763850195,823366,527995,30,1
1,NewOrder,1763850195,827304,360641,13,1
3,OrderStatus,1763850195,835874,80331,44,1
2,Payment,1763850195,881446,518908,32,1
2,Payment,1763850195,893563,522083,2,1
5,StockLevel,1763850195,915000,488120,31,1
5,StockLevel,1763850195,916243,437602,44,1
2,Payment,1763850195,924806,260928,22,1
1,NewOrder,1763850195,929750,501542,5,1
1,NewOrder,1763850195,944061,378549,19,1
1,NewOrder,1763850195,953122,319991,10,1
2,Payment,1763850195,979218,562323,47,1
1,NewOrder,1763850195,984134,388820,40,1
2,Payment,1763850195,984515,217092,28,1
1,NewOrder,1763850195,985149,685357,39,1
1,NewOrder,1763850195,987455,543918,6,1
2,Payment,1763850195,997550,227772,24,1
2,Payment,1763850195,998287,514935,16,1
1,NewOrder,1763850195,998617,477731,26,1
1,NewOrder,1763850196,014794,357440,8,1
1,NewOrder,1763850196,035997,228648,11,1
1,NewOrder,1763850196,036051,438944,49,1
1,NewOrder,1763850196,052186,361804,27,1
1,NewOrder,1763850196,071784,387315,21,1
1,NewOrder,1763850196,071917,636694,41,1
1,NewOrder,1763850196,071980,503931,7,1
1,NewOrder,1763850196,081033,307714,20,1
1,NewOrder,1763850196,081340,227180,14,1
4,Delivery,1763850196,081547,431918,37,1
1,NewOrder,1763850196,082416,226995,12,1
3,OrderStatus,1763850196,082556,28907,33,1
4,Delivery,1763850196,105019,271699,1,1
1,NewOrder,1763850196,111504,431898,33,1
1,NewOrder,1763850196,115838,211467,25,1
2,Payment,1763850196,118693,476124,45,1
5,StockLevel,1763850196,134035,435172,23,1
3,OrderStatus,1763850196,134312,70148,35,1
1,NewOrder,1763850196,167160,184588,29,1
2,Payment,1763850196,169073,404541,18,1
2,Payment,1763850196,172192,566523,43,1
2,Payment,1763850196,185774,325039,22,1
1,NewOrder,1763850196,187989,374135,13,1
1,NewOrder,1763850196,201770,211784,28,1
5,StockLevel,1763850196,204504,340241,35,1
2,Payment,1763850196,205743,460789,48,1
1,NewOrder,1763850196,225386,419421,24,1
1,NewOrder,1763850196,231620,481318,38,1
2,Payment,1763850196,232030,245525,0,1
2,Payment,1763850196,232928,383858,34,1
1,NewOrder,1763850196,244066,199327,9,1
2,Payment,1763850196,264715,390820,11,1
2,Payment,1763850196,273185,412576,10,1
2,Payment,1763850196,286598,226435,3,1
1,NewOrder,1763850196,308577,942658,14,1
1,NewOrder,1763850196,309450,547701,12,1
1,NewOrder,1763850196,322698,368180,19,1
2,Payment,1763850196,327378,239437,25,1
2,Payment,1763850196,351411,323480,30,1
2,Payment,1763850196,351780,265128,29,1
1,NewOrder,1763850196,353890,343205,44,1
2,Payment,1763850196,364598,212097,4,1
2,Payment,1763850196,371649,383531,36,1
2,Payment,1763850196,372262,244525,8,1
3,OrderStatus,1763850196,372600,32130,17,1
2,Payment,1763850196,372992,449392,40,1
4,Delivery,1763850196,376776,122757,1,1
1,NewOrder,1763850196,388800,319074,20,1
1,NewOrder,1763850196,400402,386939,32,1
2,Payment,1763850196,403169,419707,31,1
2,Payment,1763850196,404778,423250,17,1
1,NewOrder,1763850196,413619,432139,28,1
2,Payment,1763850196,414033,269847,27,1
2,Payment,1763850196,415736,201257,2,1
1,NewOrder,1763850196,431362,367745,5,1
2,Payment,1763850196,443448,388179,9,1
1,NewOrder,1763850196,459158,237559,21,1
2,Payment,1763850196,475063,221633,49,1
5,StockLevel,1763850196,476430,183793,26,1
1,NewOrder,1763850196,476476,319494,15,1
1,NewOrder,1763850196,477646,251079,0,1
1,NewOrder,1763850196,489462,351257,46,1
2,Payment,1763850196,499587,329152,1,1
2,Payment,1763850196,510874,303844,22,1
2,Payment,1763850196,513080,332563,3,1
2,Payment,1763850196,513311,364678,16,1
1,NewOrder,1763850196,513487,368495,37,1
2,Payment,1763850196,531289,325898,42,1
2,Payment,1763850196,531732,314013,6,1
2,Payment,1763850196,541631,327383,47,1
4,Delivery,1763850196,544085,309641,33,1
1,NewOrder,1763850196,544804,300776,35,1
1,NewOrder,1763850196,562191,278590,13,1
3,OrderStatus,1763850196,566881,50830,25,1
2,Payment,1763850196,569253,262432,23,1
1,NewOrder,1763850196,573697,464557,18,1
1,NewOrder,1763850196,575969,152828,7,1
2,Payment,1763850196,576731,313160,4,1
2,Payment,1763850196,594950,295145,45,1
2,Payment,1763850196,616834,229327,34,1
2,Payment,1763850196,616839,273053,8,1
1,NewOrder,1763850196,616941,391880,29,1
2,Payment,1763850196,617022,324769,2,1
1,NewOrder,1763850196,617738,213979,25,1
2,Payment,1763850196,644868,267163,24,1
1,NewOrder,1763850196,655580,129266,11,1
1,NewOrder,1763850196,660314,171394,26,1
2,Payment,1763850196,666572,375181,48,1
1,NewOrder,1763850196,670546,203090,39,1
2,Payment,1763850196,674942,186599,30,1
1,NewOrder,1763850196,683919,81665,27,1
2,Payment,1763850196,685828,610196,10,1
4,Delivery,1763850196,690918,493598,19,1
3,OrderStatus,1763850196,696737,9795,49,1
2,Payment,1763850196,696738,245081,21,1
2,Payment,1763850196,697125,215269,44,1
1,NewOrder,1763850196,706566,394459,49,1
3,OrderStatus,1763850196,707909,6541,20,1
5,StockLevel,1763850196,708640,156806,41,1
2,Payment,1763850196,712980,296062,38,1
1,NewOrder,1763850196,714798,335650,20,1
1,NewOrder,1763850196,728766,351378,0,1
1,NewOrder,1763850196,728826,271879,7,1
1,NewOrder,1763850196,738756,305912,43,1
2,Payment,1763850196,755243,317674,36,1
2,Payment,1763850196,765624,295669,27,1
1,NewOrder,1763850196,784901,797292,11,1
2,Payment,1763850196,787390,112299,32,1
2,Payment,1763850196,796014,276491,15,1
2,Payment,1763850196,799172,299145,5,1
1,NewOrder,1763850196,814759,274987,22,1
3,OrderStatus,1763850196,822425,21394,40,1
2,Payment,1763850196,822910,146507,31,1
1,NewOrder,1763850196,828091,158964,17,1
1,NewOrder,1763850196,828770,270998,1,1
1,NewOrder,1763850196,831683,145504,9,1
2,Payment,1763850196,831715,314607,23,1
1,NewOrder,1763850196,831732,430749,26,1
2,Payment,1763850196,831734,266751,25,1
2,Payment,1763850196,840779,296110,46,1
3,OrderStatus,1763850196,840837,38783,13,1
1,NewOrder,1763850196,843865,165496,40,1
1,NewOrder,1763850196,845776,192035,6,1
1,NewOrder,1763850196,845776,321000,28,1
2,Payment,1763850196,845783,317635,3,1
1,NewOrder,1763850196,845870,375930,35,1
2,Payment,1763850196,846192,158518,34,1
1,NewOrder,1763850196,853770,246028,33,1
2,Payment,1763850196,857245,240565,42,1
2,Payment,1763850196,857245,937173,12,1
3,OrderStatus,1763850196,861743,14747,30,1
1,NewOrder,1763850196,865495,172339,41,1
2,Payment,1763850196,869067,363397,47,1
1,NewOrder,1763850196,873756,292979,39,1
1,NewOrder,1763850196,876549,221831,30,1
1,NewOrder,1763850196,878033,422606,16,1
2,Payment,1763850196,879710,947258,13,1
2,Payment,1763850196,882011,402276,37,1
1,NewOrder,1763850196,889947,141920,4,1
1,NewOrder,1763850196,889947,310743,8,1
2,Payment,1763850196,890123,389640,45,1
2,Payment,1763850196,899718,230373,32,1
2,Payment,1763850196,912079,254748,24,1
2,Payment,1763850196,912432,262297,44,1
1,NewOrder,1763850196,941871,338182,21,1
2,Payment,1763850196,941872,249572,2,1
2,Payment,1763850196,969460,183000,31,1
2,Payment,1763850196,977233,336701,9,1
2,Payment,1763850196,987094,359427,17,1
1,NewOrder,1763850197,000727,268689,7,1
2,Payment,1763850197,004750,207451,34,1
2,Payment,1763850197,008894,389278,29,1
2,Payment,1763850197,009074,304937,38,1
1,NewOrder,1763850197,009391,291073,40,1
2,Payment,1763850197,031915,215705,4,1
3,OrderStatus,1763850197,037860,46651,6,1
1,NewOrder,1763850197,037876,203594,41,1
1,NewOrder,1763850197,038270,210034,18,1
2,Payment,1763850197,041799,269808,48,1
2,Payment,1763850197,044713,291304,43,1
2,Payment,1763850197,050591,474962,20,1
2,Payment,1763850197,061332,371246,27,1
1,NewOrder,1763850197,072547,455030,15,1
1,NewOrder,1763850197,072959,560567,36,1
1,NewOrder,1763850197,080177,447326,0,1
1,NewOrder,1763850197,084555,155473,6,1
1,NewOrder,1763850197,089786,305848,22,1
5,StockLevel,1763850197,097853,410459,42,1
2,Payment,1763850197,098342,305300,5,1
1,NewOrder,1763850197,098398,695910,30,1
1,NewOrder,1763850197,098497,654110,25,1
2,Payment,1763850197,099807,694736,1,1
2,Payment,1763850197,099831,224507,33,1
1,NewOrder,1763850197,101054,739142,49,1
3,OrderStatus,1763850197,130134,42453,32,1
1,NewOrder,1763850197,136933,495079,46,1
2,Payment,1763850197,146388,636918,23,1
2,Payment,1763850197,152510,775673,31,1
1,NewOrder,1763850197,163444,270990,3,1
1,NewOrder,1763850197,166809,348932,28,1
5,StockLevel,1763850197,166856,345126,24,1
1,NewOrder,1763850197,166923,866119,39,1
2,Payment,1763850197,172679,808441,32,1
4,Delivery,1763850197,174780,672926,44,1
2,Payment,1763850197,184565,547522,19,1
2,Payment,1763850197,191483,635436,2,1
1,NewOrder,1763850197,200740,617089,8,1
1,NewOrder,1763850197,212262,614701,34,1
1,NewOrder,1763850197,221844,605111,35,1
2,Payment,1763850197,232503,678767,47,1
3,OrderStatus,1763850197,240105,59942,6,1
5,StockLevel,1763850197,241515,40758,41,1
1,NewOrder,1763850197,247681,830765,4,1
1,NewOrder,1763850197,248332,240370,18,1
1,NewOrder,1763850197,251278,250490,14,1
1,NewOrder,1763850197,262522,564687,26,1
1,NewOrder,1763850197,269498,483084,7,1
1,NewOrder,1763850197,279827,403018,45,1
2,Payment,1763850197,280098,546944,21,1
1,NewOrder,1763850197,282314,717795,41,1
5,StockLevel,1763850197,284322,225117,37,1
2,Payment,1763850197,296070,613371,10,1
3,OrderStatus,1763850197,300088,41279,6,1
1,NewOrder,1763850197,300525,698969,40,1
2,Payment,1763850197,300709,495384,16,1
2,Payment,1763850197,311650,687291,48,1
2,Payment,1763850197,313975,591019,9,1
2,Payment,1763850197,314038,776547,38,1
1,NewOrder,1763850197,324421,818394,33,1
1,NewOrder,1763850197,336060,491094,43,1
2,Payment,1763850197,341413,619729,6,1
2,Payment,1763850197,346557,477298,17,1
2,Payment,1763850197,395711,535998,22,1
1,NewOrder,1763850197,398222,287064,29,1
2,Payment,1763850197,403691,598092,5,1
2,Payment,1763850197,432636,455920,27,1
2,Payment,1763850197,434479,761783,3,1
2,Payment,1763850197,488749,420748,18,1
2,Payment,1763850197,501831,473836,14,1
1,NewOrder,1763850197,508366,523891,42,1
1,NewOrder,1763850197,512025,644154,24,1
1,NewOrder,1763850197,512779,749616,37,1
1,NewOrder,1763850197,515768,674490,28,1
2,Payment,1763850197,525623,699604,20,1
2,Payment,1763850197,527543,827897,0,1
2,Payment,1763850197,527602,471322,15,1
1,NewOrder,1763850197,582647,632984,11,1
2,Payment,1763850197,632053,429034,46,1
1,NewOrder,1763850197,633567,674387,36,1
1,NewOrder,1763850197,682899,672706,45,1
1,NewOrder,1763850197,685401,359180,29,1
2,Payment,1763850197,732159,311139,19,1
2,Payment,1763850197,752809,509590,25,1
4,Delivery,1763850197,752871,246983,7,1
2,Payment,1763850197,783356,504268,23,1
4,Delivery,1763850197,794347,73557,30,1
2,Payment,1763850197,794446,589702,12,1
1,NewOrder,1763850197,794561,297074,1,1
2,Payment,1763850197,796123,315866,16,1
2,Payment,1763850197,817863,225526,8,1
1,NewOrder,1763850197,823903,713533,17,1
1,NewOrder,1763850197,826967,803000,2,1
2,Payment,1763850197,826986,388907,34,1
2,Payment,1763850197,826992,634544,35,1
1,NewOrder,1763850197,826992,411370,13,1
1,NewOrder,1763850197,827060,320798,21,1
2,Payment,1763850197,827166,251282,43,1
2,Payment,1763850197,827226,528170,26,1
1,NewOrder,1763850197,840254,375588,49,1
2,Payment,1763850197,847744,259522,44,1
2,Payment,1763850197,867945,402164,30,1
2,Payment,1763850197,888595,582592,27,1
3,OrderStatus,1763850197,905046,39580,9,1
1,NewOrder,1763850197,909500,182114,10,1
1,NewOrder,1763850197,909536,446440,18,1
1,NewOrder,1763850197,911327,444123,47,1
2,Payment,1763850197,928225,380458,31,1
1,NewOrder,1763850197,931746,658060,22,1
2,Payment,1763850197,944698,148074,9,1
1,NewOrder,1763850197,961185,456943,6,1
1,NewOrder,1763850197,975730,656071,14,1
1,NewOrder,1763850197,981162,494977,32,1
1,NewOrder,1763850197,998963,543218,15,1
5,StockLevel,1763850197,998972,434991,48,1
4,Delivery,1763850197,999521,92414,40,1
1,NewOrder,1763850197,999872,513274,7,1
1,NewOrder,1763850198,000119,355144,41,1
5,StockLevel,1763850198,001820,553547,5,1
1,NewOrder,1763850198,032294,229633,42,1
2,Payment,1763850198,033077,522469,39,1
1,NewOrder,1763850198,043342,244103,19,1
3,OrderStatus,1763850198,043432,83383,8,1
5,StockLevel,1763850198,044627,289016,29,1
2,Payment,1763850198,061126,416772,46,1
2,Payment,1763850198,078488,609727,4,1
2,Payment,1763850198,078518,435756,43,1
4,Delivery,1763850198,090695,582544,38,1
1,NewOrder,1763850198,091704,480063,10,1
4,Delivery,1763850198,091729,326579,1,1
1,NewOrder,1763850198,091964,254100,40,1
1,NewOrder,1763850198,092818,339780,9,1
1,NewOrder,1763850198,107343,524458,44,1
1,NewOrder,1763850198,112033,330005,16,1
2,Payment,1763850198,126863,435159,8,1
1,NewOrder,1763850198,142873,412217,33,1
1,NewOrder,1763850198,147898,455053,21,1
1,NewOrder,1763850198,156254,429615,24,1
1,NewOrder,1763850198,190297,445557,28,1
2,Payment,1763850198,196807,521946,3,1
1,NewOrder,1763850198,215747,392786,11,1
1,NewOrder,1763850198,215863,392149,49,1
1,NewOrder,1763850198,215911,1012259,34,1
1,NewOrder,1763850198,225298,338546,20,1
2,Payment,1763850198,238403,491393,13,1
1,NewOrder,1763850198,261972,356188,42,1
2,Payment,1763850198,262427,411382,25,1
4,Delivery,1763850198,262427,535413,37,1
1,NewOrder,1763850198,270153,292976,30,1
2,Payment,1763850198,287494,348359,19,1
1,NewOrder,1763850198,287703,348150,23,1
2,Payment,1763850198,308012,328126,36,1
2,Payment,1763850198,308744,967088,31,1
4,Delivery,1763850198,333729,660438,29,1
1,NewOrder,1763850198,346106,306173,40,1
4,Delivery,1763850198,355302,194096,41,1
2,Payment,1763850198,355427,391398,26,1
2,Payment,1763850198,355450,409657,0,1
2,Payment,1763850198,355472,305366,47,1
2,Payment,1763850198,355619,369793,45,1
4,Delivery,1763850198,356000,369080,18,1
3,OrderStatus,1763850198,384190,94521,12,1
4,Delivery,1763850198,418320,171281,1,1
1,NewOrder,1763850198,419096,195364,6,1
2,Payment,1763850198,432636,211638,9,1
2,Payment,1763850198,434003,362583,48,1
1,NewOrder,1763850198,442304,497646,16,1
1,NewOrder,1763850198,461577,300534,35,1
1,NewOrder,1763850198,471225,599072,27,1
1,NewOrder,1763850198,476205,957068,32,1
5,StockLevel,1763850198,477941,343639,46,1
2,Payment,1763850198,478739,285090,12,1
2,Payment,1763850198,513183,173319,7,1
2,Payment,1763850198,514303,219250,43,1
2,Payment,1763850198,537476,443007,17,1
1,NewOrder,1763850198,543144,402236,15,1
1,NewOrder,1763850198,549460,249249,41,1
4,Delivery,1763850198,555142,190910,33,1
1,NewOrder,1763850198,555393,198988,5,1
2,Payment,1763850198,555599,284818,39,1
5,StockLevel,1763850198,562060,308135,8,1
2,Payment,1763850198,563168,1013960,30,1
2,Payment,1763850198,563870,148875,20,1
1,NewOrder,1763850198,571813,354603,10,1
4,Delivery,1763850198,585910,516924,24,1
2,Payment,1763850198,589638,304839,1,1
2,Payment,1763850198,589833,157890,22,1
2,Payment,1763850198,602993,183916,21,1
1,NewOrder,1763850198,608068,350354,49,1
2,Payment,1763850198,608577,458314,11,1
3,OrderStatus,1763850198,614514,45115,6,1
2,Payment,1763850198,618212,427184,42,1
1,NewOrder,1763850198,630035,372181,2,1
2,Payment,1763850198,631839,436615,44,1
1,NewOrder,1763850198,631839,239529,14,1
4,Delivery,1763850198,635894,514925,28,1
2,Payment,1763850198,635894,484133,23,1
2,Payment,1763850198,635896,372890,19,1
1,NewOrder,1763850198,636154,519288,36,1
1,NewOrder,1763850198,644307,304976,9,1
1,NewOrder,1763850198,652307,278249,40,1
1,NewOrder,1763850198,659716,201327,6,1
1,NewOrder,1763850198,660884,250461,47,1
4,Delivery,1763850198,673290,413497,38,1
1,NewOrder,1763850198,673854,467608,25,1
2,Payment,1763850198,686549,355473,7,1
1,NewOrder,1763850198,688318,745371,4,1
1,NewOrder,1763850198,712821,721036,20,1
1,NewOrder,1763850198,718822,311567,3,1
2,Payment,1763850198,725127,342714,18,1
4,Delivery,1763850198,725442,77062,45,1
1,NewOrder,1763850198,729927,185542,13,1
2,Payment,1763850198,733596,378047,43,1
2,Payment,1763850198,746125,884798,33,1
1,NewOrder,1763850198,746867,351453,26,1
2,Payment,1763850198,747753,822046,22,1
2,Payment,1763850198,754434,374364,5,1
1,NewOrder,1763850198,762166,473041,35,1
4,Delivery,1763850198,763913,334591,12,1
1,NewOrder,1763850198,765145,301619,0,1
3,OrderStatus,1763850198,786952,75560,21,1
5,StockLevel,1763850198,796762,32993,48,1
1,NewOrder,1763850198,797869,232261,37,1
1,NewOrder,1763850198,798734,630316,41,1
1,NewOrder,1763850198,802541,147261,45,1
1,NewOrder,1763850198,822219,425681,46,1
2,Payment,1763850198,829806,191106,48,1
1,NewOrder,1763850198,840475,216658,39,1
1,NewOrder,1763850198,861122,572627,6,1
1,NewOrder,1763850198,862560,569725,21,1
4,Delivery,1763850198,870239,383343,8,1
1,NewOrder,1763850198,871403,327669,14,1
2,Payment,1763850198,894521,659527,1,1
1,NewOrder,1763850198,911393,287454,47,1
1,NewOrder,1763850198,915522,327520,13,1
1,NewOrder,1763850198,926513,283044,10,1
2,Payment,1763850198,930588,544278,40,1
1,NewOrder,1763850198,940022,275286,16,1
1,NewOrder,1763850198,945465,329473,15,1
2,Payment,1763850198,949321,532326,9,1
1,NewOrder,1763850198,949872,258545,45,1
1,NewOrder,1763850198,958505,171528,49,1
1,NewOrder,1763850198,980557,448494,17,1
1,NewOrder,1763850198,994230,99570,29,1
3,OrderStatus,1763850199,002267,47154,2,1
1,NewOrder,1763850199,008828,423510,19,1
1,NewOrder,1763850199,020942,408109,48,1
1,NewOrder,1763850199,030182,188712,37,1
2,Payment,1763850199,030403,598345,3,1
2,Payment,1763850199,042062,511798,7,1
1,NewOrder,1763850199,045440,388044,42,1
1,NewOrder,1763850199,049516,769737,2,1
2,Payment,1763850199,057181,203519,39,1
1,NewOrder,1763850199,066844,697711,0,1
2,Payment,1763850199,066925,208213,11,1
2,Payment,1763850199,067875,476467,18,1
1,NewOrder,1763850199,068486,365503,44,1
2,Payment,1763850199,070328,92084,27,1
2,Payment,1763850199,086842,344883,38,1
3,OrderStatus,1763850199,093839,28291,29,1
2,Payment,1763850199,098384,92958,26,1
1,NewOrder,1763850199,098543,335918,12,1
5,StockLevel,1763850199,102873,349001,24,1
1,NewOrder,1763850199,111717,474711,43,1
1,NewOrder,1763850199,120071,664010,23,1
2,Payment,1763850199,122174,138252,29,1
2,Payment,1763850199,128840,499884,5,1
1,NewOrder,1763850199,130081,301938,49,1
2,Payment,1763850199,141506,293295,25,1
1,NewOrder,1763850199,151203,510006,28,1
2,Payment,1763850199,155489,312326,36,1
2,Payment,1763850199,162530,298849,27,1
1,NewOrder,1763850199,191397,559718,26,1
1,NewOrder,1763850199,198892,234737,47,1
1,NewOrder,1763850199,199098,232893,14,1
2,Payment,1763850199,208489,323949,45,1
1,NewOrder,1763850199,209599,223675,10,1
2,Payment,1763850199,215349,401412,16,1
2,Payment,1763850199,219125,348379,37,1
2,Payment,1763850199,228246,516695,34,1
1,NewOrder,1763850199,235251,547851,35,1
3,OrderStatus,1763850199,243087,15486,13,1
2,Payment,1763850199,247944,321861,46,1
1,NewOrder,1763850199,253645,578690,8,1
1,NewOrder,1763850199,258643,175406,13,1
4,Delivery,1763850199,260466,173338,29,1
1,NewOrder,1763850199,260724,547571,39,1
3,OrderStatus,1763850199,274982,31041,15,1
3,OrderStatus,1763850199,275168,31441,11,1
2,Payment,1763850199,275857,555599,31,1
1,NewOrder,1763850199,306063,455322,15,1
1,NewOrder,1763850199,306670,125635,11,1
1,NewOrder,1763850199,429127,281890,48,1
2,Payment,1763850199,429127,253476,41,1
1,NewOrder,1763850199,429127,424782,17,1
2,Payment,1763850199,432016,89358,14,1
4,Delivery,1763850199,432061,468685,49,1
2,Payment,1763850199,432305,399419,21,1
3,OrderStatus,1763850199,432334,33604,11,1
2,Payment,1763850199,432370,488828,19,1
1,NewOrder,1763850199,432718,460010,38,1
1,NewOrder,1763850199,433302,581569,32,1
1,NewOrder,1763850199,433305,478114,10,1
2,Payment,1763850199,433500,297694,42,1
2,Payment,1763850199,433687,681093,47,1
2,Payment,1763850199,433707,466744,4,1
1,NewOrder,1763850199,433777,398444,6,1
1,NewOrder,1763850199,433818,272101,29,1
4,Delivery,1763850199,433879,102625,20,1
1,NewOrder,1763850199,434015,225792,44,1
2,Payment,1763850199,434061,535761,13,1
1,NewOrder,1763850199,434490,309707,12,1
1,NewOrder,1763850199,434825,292081,25,1
2,Payment,1763850199,451963,469757,24,1
2,Payment,1763850199,461417,343445,27,1
2,Payment,1763850199,466016,548303,11,1
2,Payment,1763850199,467852,463697,36,1
1,NewOrder,1763850199,474908,446666,40,1
2,Payment,1763850199,481719,420795,9,1
1,NewOrder,1763850199,521411,696032,14,1
1,NewOrder,1763850199,532513,553123,45,1
2,Payment,1763850199,536598,422433,20,1
2,Payment,1763850199,544385,414419,18,1
1,NewOrder,1763850199,553902,254616,7,1
1,NewOrder,1763850199,554068,278267,1,1
2,Payment,1763850199,567555,436792,37,1
1,NewOrder,1763850199,569843,682049,22,1
1,NewOrder,1763850199,569844,668968,46,1
1,NewOrder,1763850199,577167,359606,30,1
2,Payment,1763850199,586532,366319,43,1
2,Payment,1763850199,616809,378591,16,1
2,Payment,1763850199,628765,308724,5,1
1,NewOrder,1763850199,628766,553974,3,1
2,Payment,1763850199,630963,467726,33,1
2,Payment,1763850199,659853,336770,44,1
2,Payment,1763850199,661246,172545,28,1
1,NewOrder,1763850199,682641,201808,41,1
1,NewOrder,1763850199,705959,324802,29,1
4,Delivery,1763850199,711057,433580,48,1
2,Payment,1763850199,726947,450679,25,1
1,NewOrder,1763850199,731238,485451,42,1
2,Payment,1763850199,744236,541930,12,1
1,NewOrder,1763850199,744974,239077,34,1
2,Payment,1763850199,751385,482904,26,1
2,Payment,1763850199,761474,305308,15,1
2,Payment,1763850199,764597,499711,0,1
2,Payment,1763850199,783145,309039,35,1
2,Payment,1763850199,784120,514082,23,1
1,NewOrder,1763850199,804906,178785,27,1
2,Payment,1763850199,808335,430169,39,1
1,NewOrder,1763850199,808545,367625,7,1
2,Payment,1763850199,819500,505467,2,1
2,Payment,1763850199,831500,385077,31,1
1,NewOrder,1763850199,831777,321623,21,1
5,StockLevel,1763850199,832240,40258,6,1
1,NewOrder,1763850199,832361,249408,8,1
2,Payment,1763850199,832396,526806,1,1
1,NewOrder,1763850199,833830,540675,28,1
2,Payment,1763850199,853950,362494,17,1
1,NewOrder,1763850199,872538,292759,6,1
2,Payment,1763850199,884489,362225,41,1
1,NewOrder,1763850199,892770,444028,38,1
1,NewOrder,1763850199,900497,640953,4,1
2,Payment,1763850199,900774,411279,49,1
2,Payment,1763850199,902620,296605,9,1
2,Payment,1763850199,911463,432228,10,1
2,Payment,1763850199,921232,380236,19,1
1,NewOrder,1763850199,921590,295205,40,1
3,OrderStatus,1763850199,921767,38137,24,1
1,NewOrder,1763850199,931607,405110,36,1
1,NewOrder,1763850199,936822,369361,30,1
1,NewOrder,1763850199,937515,363789,5,1
2,Payment,1763850199,952892,371923,43,1
1,NewOrder,1763850199,958841,552369,18,1
5,StockLevel,1763850199,959054,233928,20,1
1,NewOrder,1763850199,959967,450098,24,1
1,NewOrder,1763850199,969865,246819,13,1
2,Payment,1763850199,983728,445437,27,1
1,NewOrder,1763850199,984074,358539,34,1
2,Payment,1763850199,995457,534728,16,1
5,StockLevel,1763850199,996713,341725,44,1
1,NewOrder,1763850200,004386,370116,37,1
1,NewOrder,1763850200,014365,483377,11,1
2,Payment,1763850200,014902,380648,32,1
2,Payment,1763850200,030803,443983,29,1
1,NewOrder,1763850200,066825,359616,15,1
1,NewOrder,1763850200,081812,293033,8,1
2,Payment,1763850200,085724,245858,45,1
1,NewOrder,1763850200,092232,290725,35,1
2,Payment,1763850200,098748,375656,33,1
2,Payment,1763850200,114824,231584,47,1
2,Payment,1763850200,144697,238432,48,1
2,Payment,1763850200,153432,351854,21,1
2,Payment,1763850200,165389,345841,6,1
2,Payment,1763850200,176210,411825,7,1
1,NewOrder,1763850200,177668,143204,25,1
2,Payment,1763850200,182777,404954,3,1
2,Payment,1763850200,193023,394469,20,1
2,Payment,1763850200,199263,481449,9,1
2,Payment,1763850200,216488,371004,17,1
2,Payment,1763850200,216611,280339,31,1
1,NewOrder,1763850200,216701,253883,13,1
1,NewOrder,1763850200,216712,241439,42,1
1,NewOrder,1763850200,216813,267557,40,1
1,NewOrder,1763850200,217473,347469,14,1
2,Payment,1763850200,234335,253744,26,1
2,Payment,1763850200,238575,188776,39,1
1,NewOrder,1763850200,238847,320716,46,1
5,StockLevel,1763850200,246758,517101,41,1
1,NewOrder,1763850200,251952,207458,22,1
2,Payment,1763850200,264345,422707,0,1
2,Payment,1763850200,286248,394464,12,1
2,Payment,1763850200,298244,340193,23,1
2,Payment,1763850200,301346,446770,5,1
1,NewOrder,1763850200,301501,400010,19,1
5,StockLevel,1763850200,306250,650941,30,1
4,Delivery,1763850200,312094,275388,49,1
2,Payment,1763850200,320915,236787,25,1
1,NewOrder,1763850200,324863,172179,43,1
3,OrderStatus,1763850200,324995,63209,2,1
2,Payment,1763850200,331614,260265,45,1
1,NewOrder,1763850200,336811,220673,38,1
5,StockLevel,1763850200,336884,650418,36,1
2,Payment,1763850200,338471,269853,44,1
2,Payment,1763850200,342688,207410,34,1
2,Payment,1763850200,343761,379200,10,1
2,Payment,1763850200,346445,334267,47,1
1,NewOrder,1763850200,359259,398577,1,1
2,Payment,1763850200,374580,288348,28,1
2,Payment,1763850200,374581,288022,37,1
2,Payment,1763850200,374868,423643,8,1
1,NewOrder,1763850200,382989,178859,35,1
1,NewOrder,1763850200,383158,441703,48,1
4,Delivery,1763850200,388244,303355,2,1
1,NewOrder,1763850200,395620,277110,32,1
1,NewOrder,1763850200,410103,385245,24,1
2,Payment,1763850200,426476,448174,15,1
1,NewOrder,1763850200,427389,392223,39,1
1,NewOrder,1763850200,429203,404686,27,1
2,Payment,1763850200,458195,228857,42,1
2,Payment,1763850200,459445,415180,22,1
2,Payment,1763850200,470621,341911,13,1
1,NewOrder,1763850200,474486,151798,33,1
3,OrderStatus,1763850200,474814,78594,29,1
2,Payment,1763850200,484410,302598,40,1
3,OrderStatus,1763850200,488122,41977,26,1
1,NewOrder,1763850200,496993,166100,31,1
2,Payment,1763850200,497062,377896,43,1
2,Payment,1763850200,497770,442524,11,1
1,NewOrder,1763850200,505353,289983,21,1
1,NewOrder,1763850200,511246,261959,18,1
2,Payment,1763850200,511246,364451,6,1
1,NewOrder,1763850200,530131,282380,26,1
2,Payment,1763850200,530192,365549,16,1
2,Payment,1763850200,541509,359431,4,1
1,NewOrder,1763850200,550141,187869,34,1
3,OrderStatus,1763850200,553447,40180,29,1
2,Payment,1763850200,557522,293722,38,1
3,OrderStatus,1763850200,557729,5857,25,1
2,Payment,1763850200,560219,387404,46,1
1,NewOrder,1763850200,561879,213949,35,1
2,Payment,1763850200,563626,310995,25,1
2,Payment,1763850200,565365,439760,14,1
2,Payment,1763850200,587534,337230,20,1
1,NewOrder,1763850200,587535,506677,17,1
2,Payment,1763850200,587535,451765,49,1
1,NewOrder,1763850200,587754,286947,3,1
1,NewOrder,1763850200,588054,432721,7,1
2,Payment,1763850200,591925,488686,45,1
3,OrderStatus,1763850200,593682,150436,29,1
1,NewOrder,1763850200,608365,497391,44,1
1,NewOrder,1763850200,626324,248344,33,1
1,NewOrder,1763850200,638482,463209,23,1
1,NewOrder,1763850200,662674,393155,37,1
4,Delivery,1763850200,662951,571348,28,1
2,Payment,1763850200,663117,244255,31,1
1,NewOrder,1763850200,672777,396066,32,1
1,NewOrder,1763850200,680757,576036,47,1
2,Payment,1763850200,680757,382619,12,1
2,Payment,1763850200,680757,487222,9,1
2,Payment,1763850200,687090,250326,0,1
1,NewOrder,1763850200,687099,373947,42,1
1,NewOrder,1763850200,691643,490118,2,1
4,Delivery,1763850200,701549,685654,19,1
1,NewOrder,1763850200,723065,603188,10,1
1,NewOrder,1763850200,738051,390058,34,1
1,NewOrder,1763850200,744158,299983,29,1
1,NewOrder,1763850200,748157,383220,5,1
1,NewOrder,1763850200,757882,351505,1,1
2,Payment,1763850200,763906,395659,41,1
5,StockLevel,1763850200,773250,481937,18,1
2,Payment,1763850200,775872,331145,35,1
2,Payment,1763850200,787056,437582,40,1
2,Payment,1763850200,795386,638320,21,1
1,NewOrder,1763850200,795387,530866,24,1
2,Payment,1763850200,798552,407629,8,1
1,NewOrder,1763850200,812544,701184,26,1
2,Payment,1763850200,812562,797229,13,1
2,Payment,1763850200,819719,344165,39,1
2,Payment,1763850200,824907,537984,48,1
2,Payment,1763850200,833924,707351,27,1
1,NewOrder,1763850200,851287,613448,38,1
1,NewOrder,1763850200,874697,658079,15,1
2,Payment,1763850200,874704,721651,25,1
1,NewOrder,1763850200,874704,231083,33,1
2,Payment,1763850200,874720,355141,3,1
1,NewOrder,1763850200,874913,169180,22,1
1,NewOrder,1763850200,874974,623479,43,1
1,NewOrder,1763850200,875715,491990,6,1
2,Payment,1763850200,895778,679709,16,1
2,Payment,1763850200,900982,356931,4,1
5,StockLevel,1763850200,907414,305599,31,1
1,NewOrder,1763850200,924807,743291,20,1
2,Payment,1763850200,937464,362886,0,1
2,Payment,1763850200,940779,770703,11,1
1,NewOrder,1763850200,947700,296701,46,1
2,Payment,1763850200,957259,211431,30,1
3,OrderStatus,1763850200,987338,61861,36,1
1,NewOrder,1763850201,005174,544720,14,1
4,Delivery,1763850201,020820,284749,7,1
1,NewOrder,1763850201,039338,278393,49,1
1,NewOrder,1763850201,044128,586306,22,1
1,NewOrder,1763850201,044180,710085,29,1
2,Payment,1763850201,049235,500654,36,1
3,OrderStatus,1763850201,056139,34743,37,1
1,NewOrder,1763850201,061084,488838,42,1
4,Delivery,1763850201,063421,281823,12,1
1,NewOrder,1763850201,068927,297549,32,1
1,NewOrder,1763850201,080650,515766,45,1
2,Payment,1763850201,090920,511852,37,1
2,Payment,1763850201,094257,537269,17,1
2,Payment,1763850201,101735,791079,23,1
1,NewOrder,1763850201,105810,222939,33,1
2,Payment,1763850201,105810,502614,44,1
1,NewOrder,1763850201,107077,382224,35,1
1,NewOrder,1763850201,109461,527128,1,1
2,Payment,1763850201,128151,305891,34,1
1,NewOrder,1763850201,131420,391312,5,1
1,NewOrder,1763850201,159730,330118,41,1
1,NewOrder,1763850201,163925,690433,39,1
1,NewOrder,1763850201,168023,298906,9,1
1,NewOrder,1763850201,168730,486288,30,1
3,OrderStatus,1763850201,181810,38424,2,1
1,NewOrder,1763850201,206270,103012,8,1
1,NewOrder,1763850201,213075,403383,31,1
1,NewOrder,1763850201,220277,373688,2,1
2,Payment,1763850201,224743,438460,40,1
2,Payment,1763850201,229902,435595,3,1
1,NewOrder,1763850201,234338,669029,28,1
3,OrderStatus,1763850201,244444,38121,46,1
2,Payment,1763850201,255230,420802,18,1
1,NewOrder,1763850201,256855,430290,47,1
4,Delivery,1763850201,257971,578583,4,1
1,NewOrder,1763850201,282609,259935,46,1
2,Payment,1763850201,300405,519386,0,1
1,NewOrder,1763850201,305611,191990,7,1
2,Payment,1763850201,309320,300800,8,1
2,Payment,1763850201,317774,473963,49,1
1,NewOrder,1763850201,326292,512004,24,1
4,Delivery,1763850201,326292,105579,10,1
2,Payment,1763850201,328790,352324,33,1
1,NewOrder,1763850201,345293,518590,12,1
1,NewOrder,1763850201,362963,604140,48,1
1,NewOrder,1763850201,366518,246541,32,1
1,NewOrder,1763850201,367738,568274,6,1
2,Payment,1763850201,387261,365308,19,1
1,NewOrder,1763850201,431958,422590,10,1
1,NewOrder,1763850201,433750,626385,21,1
2,Payment,1763850201,434069,291271,34,1
1,NewOrder,1763850201,464768,389849,38,1
2,Payment,1763850201,466970,556978,9,1
5,StockLevel,1763850201,489340,229619,35,1
1,NewOrder,1763850201,489878,365436,41,1
2,Payment,1763850201,498301,550860,7,1
1,NewOrder,1763850201,498482,356144,43,1
2,Payment,1763850201,513770,503366,26,1
1,NewOrder,1763850201,522773,311339,5,1
2,Payment,1763850201,532816,272354,15,1
2,Payment,1763850201,541322,529619,27,1
1,NewOrder,1763850201,542578,445760,46,1
2,Payment,1763850201,549928,426075,14,1
1,NewOrder,1763850201,549931,304521,36,1
2,Payment,1763850201,549932,423179,42,1
2,Payment,1763850201,575530,270022,16,1
4,Delivery,1763850201,594014,511987,2,1
2,Payment,1763850201,596392,496797,25,1
2,Payment,1763850201,596443,470850,45,1
4,Delivery,1763850201,602816,464482,37,1
1,NewOrder,1763850201,608546,255490,44,1
1,NewOrder,1763850201,609882,334472,13,1
1,NewOrder,1763850201,610147,574155,8,1
2,Payment,1763850201,613152,212070,32,1
1,NewOrder,1763850201,616499,327577,31,1
2,Payment,1763850201,630633,462589,22,1
2,Payment,1763850201,631581,320858,17,1
4,Delivery,1763850201,636632,553198,1,1
2,Payment,1763850201,655061,438381,30,1
2,Payment,1763850201,663252,390169,40,1
5,StockLevel,1763850201,665541,151470,3,1
1,NewOrder,1763850201,668141,360907,20,1
1,NewOrder,1763850201,676075,444215,18,1
2,Payment,1763850201,681157,498019,33,1
2,Payment,1763850201,687186,411170,47,1
1,NewOrder,1763850201,711527,375194,11,1
1,NewOrder,1763850201,718995,379353,35,1
1,NewOrder,1763850201,725408,268907,34,1
1,NewOrder,1763850201,752609,326850,19,1
2,Payment,1763850201,754303,378631,29,1
1,NewOrder,1763850201,791780,433440,49,1
1,NewOrder,1763850201,805212,262003,15,1
2,Payment,1763850201,817053,37306,3,1
1,NewOrder,1763850201,819833,156195,0,1
2,Payment,1763850201,825265,390838,32,1
1,NewOrder,1763850201,834195,325609,5,1
2,Payment,1763850201,836589,216876,4,1
1,NewOrder,1763850201,838533,214877,24,1
1,NewOrder,1763850201,845594,233867,16,1
4,Delivery,1763850201,854401,438934,3,1
1,NewOrder,1763850201,854461,118463,39,1
1,NewOrder,1763850201,854470,283055,36,1
1,NewOrder,1763850201,854602,199222,10,1
1,NewOrder,1763850201,854634,216306,38,1
1,NewOrder,1763850201,854636,411770,43,1
2,Payment,1763850201,855339,237948,41,1
1,NewOrder,1763850201,863921,280523,12,1
1,NewOrder,1763850201,864056,352191,44,1
1,NewOrder,1763850201,892855,368703,23,1
2,Payment,1763850201,903413,251612,28,1
2,Payment,1763850201,936056,266239,6,1
2,Payment,1763850201,944124,301749,31,1
1,NewOrder,1763850201,944382,166837,13,1
5,StockLevel,1763850201,953293,809928,17,1
3,OrderStatus,1763850201,967180,77656,48,1
1,NewOrder,1763850201,973151,252099,42,1
2,Payment,1763850201,973301,223757,39,1
2,Payment,1763850201,976046,234905,14,1
1,NewOrder,1763850201,976047,208255,0,1
2,Payment,1763850201,988394,257522,46,1
5,StockLevel,1763850201,994357,273878,34,1
2,Payment,1763850202,017180,172875,26,1
1,NewOrder,1763850202,024034,144747,9,1
2,Payment,1763850202,029094,248858,20,1
2,Payment,1763850202,044898,269725,48,1
1,NewOrder,1763850202,049250,285809,7,1
2,Payment,1763850202,053491,162656,4,1
2,Payment,1763850202,053491,260554,40,1
2,Payment,1763850202,053491,273515,24,1
1,NewOrder,1763850202,053916,234360,10,1
2,Payment,1763850202,060180,293897,21,1
1,NewOrder,1763850202,067288,87767,15,1
2,Payment,1763850202,067311,267753,45,1
2,Payment,1763850202,067323,171495,37,1
2,Payment,1763850202,070980,199519,38,1
2,Payment,1763850202,070980,145147,27,1
5,StockLevel,1763850202,079500,629598,16,1
2,Payment,1763850202,079500,99771,19,1
2,Payment,1763850202,086852,505313,11,1
2,Payment,1763850202,093229,177453,25,1
1,NewOrder,1763850202,093247,522220,22,1
1,NewOrder,1763850202,093309,508034,41,1
1,NewOrder,1763850202,093457,226739,30,1
1,NewOrder,1763850202,098393,333050,35,1
2,Payment,1763850202,098412,385409,47,1
3,OrderStatus,1763850202,106051,107103,2,1
2,Payment,1763850202,111257,608481,13,1
1,NewOrder,1763850202,120327,113922,18,1
2,Payment,1763850202,132986,181019,29,1
2,Payment,1763850202,137566,529931,36,1
1,NewOrder,1763850202,144485,216598,12,1
2,Payment,1763850202,155073,195613,28,1
1,NewOrder,1763850202,155088,120816,15,1
1,NewOrder,1763850202,159845,154348,5,1
1,NewOrder,1763850202,168822,145922,9,1
2,Payment,1763850202,179220,349983,33,1
2,Payment,1763850202,179304,134227,19,1
1,NewOrder,1763850202,184342,186178,8,1
1,NewOrder,1763850202,184358,345475,0,1
1,NewOrder,1763850202,189894,137112,1,1
2,Payment,1763850202,190077,182985,26,1
2,Payment,1763850202,197095,518220,39,1
2,Payment,1763850202,202334,747386,6,1
2,Payment,1763850202,210983,550899,14,1
2,Payment,1763850202,213183,454411,2,1
1,NewOrder,1763850202,216145,155164,32,1
2,Payment,1763850202,216147,405699,27,1
2,Payment,1763850202,216181,570321,4,1
1,NewOrder,1763850202,216268,427401,44,1
1,NewOrder,1763850202,225261,418341,49,1
2,Payment,1763850202,225285,525950,42,1
1,NewOrder,1763850202,234279,340493,18,1
1,NewOrder,1763850202,238857,401027,37,1
1,NewOrder,1763850202,245914,481398,31,1
1,NewOrder,1763850202,245946,416766,46,1
2,Payment,1763850202,261622,381947,23,1
3,OrderStatus,1763850202,266448,35867,43,1
1,NewOrder,1763850202,268275,510608,34,1
4,Delivery,1763850202,270543,465770,38,1
3,OrderStatus,1763850202,270707,46233,25,1
1,NewOrder,1763850202,275946,211482,15,1
4,Delivery,1763850202,277992,76006,20,1
2,Payment,1763850202,288318,533743,10,1
2,Payment,1763850202,293397,564912,3,1
1,NewOrder,1763850202,302351,341247,43,1
1,NewOrder,1763850202,313571,175875,19,1
2,Payment,1763850202,314033,353448,29,1
1,NewOrder,1763850202,314063,635757,40,1
2,Payment,1763850202,314207,720978,5,1
1,NewOrder,1763850202,314644,311749,48,1
1,NewOrder,1763850202,314769,1008568,9,1
1,NewOrder,1763850202,317048,470178,25,1
2,Payment,1763850202,320236,504275,30,1
5,StockLevel,1763850202,327052,838213,24,1
2,Payment,1763850202,327052,622737,1,1
2,Payment,1763850202,335111,356898,45,1
1,NewOrder,1763850202,335111,1142275,7,1
1,NewOrder,1763850202,350729,525892,28,1
1,NewOrder,1763850202,354041,412234,20,1
3,OrderStatus,1763850202,354097,254045,21,1
1,NewOrder,1763850202,361128,913961,12,1
2,Payment,1763850202,370562,1155529,8,1
1,NewOrder,1763850202,371339,370269,32,1
2,Payment,1763850202,373103,576536,26,1
2,Payment,1763850202,431818,329235,35,1
1,NewOrder,1763850202,483892,427167,47,1
2,Payment,1763850202,487491,264582,15,1
1,NewOrder,1763850202,489507,385298,19,1
1,NewOrder,1763850202,529259,493729,33,1
1,NewOrder,1763850202,529867,593980,0,1
1,NewOrder,1763850202,574883,507021,18,1
5,StockLevel,1763850202,592248,555195,11,1
2,Payment,1763850202,601387,414736,41,1
2,Payment,1763850202,608183,178216,21,1
1,NewOrder,1763850202,615508,150676,22,1
2,Payment,1763850202,621901,421309,27,1
1,NewOrder,1763850202,626429,308407,48,1
2,Payment,1763850202,639947,195358,37,1
2,Payment,1763850202,643604,298349,23,1
5,StockLevel,1763850202,643630,520110,49,1
2,Payment,1763850202,643642,424095,43,1
1,NewOrder,1763850202,643687,266069,44,1
2,Payment,1763850202,662755,364598,46,1
1,NewOrder,1763850202,667532,752864,29,1
1,NewOrder,1763850202,667533,383140,36,1
2,Payment,1763850202,667613,577057,2,1
2,Payment,1763850202,692053,421905,45,1
2,Payment,1763850202,709134,415057,16,1
2,Payment,1763850202,715357,517060,39,1
2,Payment,1763850202,719780,700617,13,1
1,NewOrder,1763850202,727353,239881,31,1
1,NewOrder,1763850202,736356,279831,38,1
2,Payment,1763850202,741716,430788,32,1
1,NewOrder,1763850202,751283,681435,42,1
2,Payment,1763850202,752105,484925,15,1
1,NewOrder,1763850202,761529,414049,35,1
2,Payment,1763850202,761911,796442,14,1
1,NewOrder,1763850202,763255,735603,17,1
5,StockLevel,1763850202,766228,493384,22,1
5,StockLevel,1763850202,766308,830681,20,1
2,Payment,1763850202,778983,543146,34,1
2,Payment,1763850202,786437,223535,21,1
2,Payment,1763850202,786533,597706,4,1
1,NewOrder,1763850202,787260,422782,25,1
1,NewOrder,1763850202,822133,971851,10,1
2,Payment,1763850202,824555,596399,30,1
4,Delivery,1763850202,835345,664373,37,1
1,NewOrder,1763850202,858345,305863,3,1
1,NewOrder,1763850202,874895,575809,19,1
1,NewOrder,1763850202,876693,398454,28,1
2,Payment,1763850202,909793,683614,44,1
2,Payment,1763850202,911098,298327,47,1
1,NewOrder,1763850202,934872,543445,48,1
2,Payment,1763850202,942000,123873,23,1
1,NewOrder,1763850202,949744,468754,6,1
1,NewOrder,1763850202,949745,576231,26,1
2,Payment,1763850202,949807,552239,1,1
2,Payment,1763850202,949832,688564,40,1
1,NewOrder,1763850202,967300,748166,31,1
1,NewOrder,1763850203,010023,361536,21,1
2,Payment,1763850203,016216,307431,38,1
1,NewOrder,1763850203,016375,485779,41,1
2,Payment,1763850203,023032,754115,33,1
4,Delivery,1763850203,027440,296474,46,1
2,Payment,1763850203,035227,591200,5,1
2,Payment,1763850203,043255,536557,27,1
1,NewOrder,1763850203,050712,675993,36,1
1,NewOrder,1763850203,065942,255992,23,1
3,OrderStatus,1763850203,067778,256249,43,1
1,NewOrder,1763850203,081948,483621,18,1
2,Payment,1763850203,114002,600468,45,1
2,Payment,1763850203,123889,483288,0,1
1,NewOrder,1763850203,124649,468888,16,1
2,Payment,1763850203,148184,1742494,11,1
1,NewOrder,1763850203,163781,505164,49,1
1,NewOrder,1763850203,164237,626898,3,1
2,Payment,1763850203,165295,264175,24,1
5,StockLevel,1763850203,174103,419799,32,1
1,NewOrder,1763850203,175623,473884,35,1
1,NewOrder,1763850203,209473,1953151,47,1
5,StockLevel,1763850203,210071,487881,25,1
3,OrderStatus,1763850203,232473,167371,39,1
2,Payment,1763850203,237075,398197,15,1
3,OrderStatus,1763850203,244722,256772,2,1
1,NewOrder,1763850203,259695,454650,22,1
2,Payment,1763850203,275162,1887628,12,1
4,Delivery,1763850203,275197,1765324,28,1
2,Payment,1763850203,322024,483502,23,1
2,Payment,1763850203,322148,580465,34,1
1,NewOrder,1763850203,323387,454178,9,1
3,OrderStatus,1763850203,323671,85295,38,1
1,NewOrder,1763850203,323946,1568279,46,1
2,Payment,1763850203,324043,352860,43,1
2,Payment,1763850203,371603,1791485,21,1
2,Payment,1763850203,384285,1778297,4,1
2,Payment,1763850203,399884,392823,39,1
5,StockLevel,1763850203,409008,1482168,38,1
1,NewOrder,1763850203,418554,373634,6,1
4,Delivery,1763850203,420439,2493284,29,1
1,NewOrder,1763850203,420539,357201,13,1
1,NewOrder,1763850203,420978,1742283,30,1
1,NewOrder,1763850203,429515,3214160,24,1
3,OrderStatus,1763850203,432754,48512,42,1
2,Payment,1763850203,450740,219010,19,1
1,NewOrder,1763850203,477427,281255,7,1
2,Payment,1763850203,478346,1896861,48,1
2,Payment,1763850203,481299,263734,42,1
2,Payment,1763850203,498902,208826,17,1
1,NewOrder,1763850203,499752,1663606,37,1
2,Payment,1763850203,501535,2197653,2,1
1,NewOrder,1763850203,502198,1390889,1,1
2,Payment,1763850203,502749,289531,41,1
2,Payment,1763850203,526014,100414,26,1
2,Payment,1763850203,526122,642594,8,1
1,NewOrder,1763850203,558510,3033324,14,1
2,Payment,1763850203,565614,180675,18,1
2,Payment,1763850203,579856,89916,27,1
1,NewOrder,1763850203,593460,1569937,44,1
2,Payment,1763850203,593566,309902,16,1
1,NewOrder,1763850203,593927,1569685,32,1
4,Delivery,1763850203,597031,149239,20,1
4,Delivery,1763850203,607257,108342,0,1
1,NewOrder,1763850203,626474,1664615,26,1
1,NewOrder,1763850203,626529,1536550,5,1
3,OrderStatus,1763850203,635313,20095,15,1
1,NewOrder,1763850203,638447,1253966,40,1
1,NewOrder,1763850203,649541,1513290,35,1
1,NewOrder,1763850203,655447,1507241,15,1
1,NewOrder,1763850203,668990,1488073,49,1
1,NewOrder,1763850203,669785,1493758,19,1
2,Payment,1763850203,669798,2082235,27,1
1,NewOrder,1763850203,676956,1485810,43,1
2,Payment,1763850203,697995,2278808,25,1
1,NewOrder,1763850203,707769,1455690,17,1
2,Payment,1763850203,714388,3242375,22,1
2,Payment,1763850203,714490,2658251,45,1
2,Payment,1763850203,715500,1634865,31,1
2,Payment,1763850203,715612,2093706,0,1
2,Payment,1763850203,726747,1709103,36,1
2,Payment,1763850203,745071,2115907,42,1
2,Payment,1763850203,746399,1628757,18,1
1,NewOrder,1763850203,746768,2281669,20,1
5,StockLevel,1763850203,758719,1147101,7,1
1,NewOrder,1763850203,777193,1386883,33,1
4,Delivery,1763850203,777587,1385748,9,1
1,NewOrder,1763850203,777817,2310315,13,1
2,Payment,1763850203,791173,2524145,3,1
3,OrderStatus,1763850203,792226,386780,6,1
1,NewOrder,1763850203,792308,2633783,41,1
2,Payment,1763850203,792732,1964650,39,1
2,Payment,1763850203,794017,2852920,10,1
2,Payment,1763850203,805583,3349400,23,1
2,Payment,1763850203,902697,2125748,34,1
3,OrderStatus,1763850203,903505,278298,16,1
2,Payment,1763850204,168767,1373110,8,1
1,NewOrder,1763850204,179058,2302468,6,1
1,NewOrder,1763850204,181853,1959763,16,1
2,Payment,1763850204,890724,2069742,11,1
2,Payment,1763850204,891204,1137299,38,1
2,Payment,1763850204,892262,1751475,46,1
2,Payment,1763850204,892454,1751106,40,1
3,OrderStatus,1763850204,893114,148489,1,1
1,NewOrder,1763850204,905881,1575668,7,1
1,NewOrder,1763850205,040565,1385795,28,1
1,NewOrder,1763850205,041648,1661711,1,1
2,Payment,1763850205,157105,1626671,49,1
4,Delivery,1763850205,162704,916302,15,1
4,Delivery,1763850205,162789,1314835,43,1
2,Payment,1763850205,162813,2954049,12,1
2,Payment,1763850205,162849,1209408,35,1
3,OrderStatus,1763850205,162901,541413,4,1
2,Payment,1763850205,163099,1612838,5,1
1,NewOrder,1763850205,163106,3787073,21,1
1,NewOrder,1763850205,163274,1570412,30,1
2,Payment,1763850205,163356,1570310,9,1
2,Payment,1763850205,163370,1480450,37,1
1,NewOrder,1763850205,163414,1262725,44,1
1,NewOrder,1763850205,163466,1314168,17,1
1,NewOrder,1763850205,163549,645809,19,1
2,Payment,1763850205,163634,1479878,32,1
2,Payment,1763850205,163969,1796464,47,1
1,NewOrder,1763850205,164090,2665315,33,1
3,OrderStatus,1763850205,291140,470622,26,1
1,NewOrder,1763850205,350480,1806130,31,1
2,Payment,1763850205,375205,1269537,18,1
2,Payment,1763850205,375226,1780310,48,1
2,Payment,1763850205,435905,1324833,36,1
1,NewOrder,1763850205,541925,2287469,8,1
2,Payment,1763850205,699236,1452522,2,1
2,Payment,1763850205,704356,2125395,4,1
1,NewOrder,1763850205,752083,839751,27,1
4,Delivery,1763850205,757438,1397849,39,1
2,Payment,1763850205,761817,972451,26,1
1,NewOrder,1763850205,809380,1147390,0,1
2,Payment,1763850205,809399,2020086,19,1
1,NewOrder,1763850205,861027,2781441,42,1
1,NewOrder,1763850205,913765,729971,29,1
1,NewOrder,1763850205,976849,1460333,25,1
2,Payment,1763850206,028487,2826240,34,1
2,Payment,1763850206,028518,932700,38,1
1,NewOrder,1763850206,028519,2826300,20,1
2,Payment,1763850206,079067,2563299,15,1
1,NewOrder,1763850206,088199,2768260,13,1
2,Payment,1763850206,141669,2651313,16,1
2,Payment,1763850206,315364,2424548,3,1
5,StockLevel,1763850206,372303,2763936,35,1
1,NewOrder,1763850206,372817,2784055,45,1
1,NewOrder,1763850206,426140,307998,41,1
1,NewOrder,1763850206,426184,333425,44,1
1,NewOrder,1763850206,426390,530420,28,1
1,NewOrder,1763850206,477709,256263,43,1
2,Payment,1763850206,477721,2679234,17,1
1,NewOrder,1763850206,481575,814710,7,1
1,NewOrder,1763850206,481576,1200767,6,1
1,NewOrder,1763850206,591884,2262935,14,1
2,Payment,1763850206,591885,1384975,27,1
1,NewOrder,1763850206,643558,2522821,32,1
2,Payment,1763850206,643579,2213910,40,1
2,Payment,1763850206,643695,2512805,24,1
1,NewOrder,1763850206,643776,2512754,46,1
2,Payment,1763850206,643776,1853639,29,1
5,StockLevel,1763850206,643849,2457891,37,1
3,OrderStatus,1763850206,644771,117724,18,1
1,NewOrder,1763850206,647133,2208055,10,1
4,Delivery,1763850206,703403,257597,1,1
2,Payment,1763850206,733717,2121537,9,1
1,NewOrder,1763850206,733733,2433064,30,1
2,Payment,1763850206,734001,2185277,43,1
1,NewOrder,1763850206,734165,2422553,41,1
2,Payment,1763850206,734364,2121110,26,1
1,NewOrder,1763850206,759671,2406782,44,1
1,NewOrder,1763850206,760773,2544536,36,1
1,NewOrder,1763850206,762533,2524585,18,1
1,NewOrder,1763850206,775986,2324662,5,1
4,Delivery,1763850206,783830,2071292,49,1
2,Payment,1763850206,956803,1898098,0,1
2,Payment,1763850206,956839,1956770,28,1
3,OrderStatus,1763850206,956873,100106,22,1
1,NewOrder,1763850206,960499,2196304,47,1
2,Payment,1763850206,960505,1959908,11,1
1,NewOrder,1763850206,961018,2250858,1,1
1,NewOrder,1763850206,961239,1894597,38,1
2,Payment,1763850207,057011,2183179,22,1
1,NewOrder,1763850207,151809,2004747,2,1
2,Payment,1763850207,155035,2131945,23,1
1,NewOrder,1763850207,155325,2065243,39,1
1,NewOrder,1763850207,155565,1700191,48,1
1,NewOrder,1763850207,156650,1999842,31,1
1,NewOrder,1763850207,296342,1804239,7,1
2,Payment,1763850207,437236,1719497,25,1
5,StockLevel,1763850207,682457,1440162,6,1
1,NewOrder,1763850207,829431,1337980,8,1
1,NewOrder,1763850207,829435,1327415,33,1
2,Payment,1763850207,829510,1486954,19,1
1,NewOrder,1763850207,829769,1326811,4,1
1,NewOrder,1763850207,976908,1339703,27,1
1,NewOrder,1763850208,116921,1040221,12,1
2,Payment,1763850208,497484,864635,29,1
1,NewOrder,1763850208,642414,585137,15,1
1,NewOrder,1763850208,642502,523809,42,1
2,Payment,1763850208,740075,511204,3,1
1,NewOrder,1763850208,793029,476884,16,1
1,NewOrder,1763850208,854807,312759,34,1
1,NewOrder,1763850208,854871,709965,20,1
1,NewOrder,1763850208,854873,498376,14,1
1,NewOrder,1763850208,854923,522723,0,1
3,OrderStatus,1763850208,855151,267267,49,1
2,Payment,1763850208,855208,335283,10,1
2,Payment,1763850208,855273,349567,9,1
2,Payment,1763850208,855502,564691,26,1
2,Payment,1763850208,855788,387109,48,1
1,NewOrder,1763850208,855853,300845,38,1
2,Payment,1763850208,856495,375759,13,1
2,Payment,1763850208,857525,354375,40,1
2,Payment,1763850208,913718,552947,28,1
1,NewOrder,1763850208,919392,378885,43,1
1,NewOrder,1763850208,920463,441989,11,1
2,Payment,1763850208,950263,687349,21,1
2,Payment,1763850209,100632,186134,7,1
2,Payment,1763850209,100784,155108,5,1
1,NewOrder,1763850209,101758,138401,37,1
2,Payment,1763850209,122459,142262,49,1
2,Payment,1763850209,122664,208915,6,1
2,Payment,1763850209,136279,216898,35,1
1,NewOrder,1763850209,156536,204903,31,1
1,NewOrder,1763850209,156536,284163,24,1
2,Payment,1763850209,156550,135036,46,1
2,Payment,1763850209,156589,291902,2,1
2,Payment,1763850209,156606,252149,4,1
2,Payment,1763850209,156726,183384,41,1
1,NewOrder,1763850209,156745,677277,25,1
1,NewOrder,1763850209,156807,368308,47,1
1,NewOrder,1763850209,156874,141335,33,1
2,Payment,1763850209,156878,169304,45,1
5,StockLevel,1763850209,156881,295051,38,1
2,Payment,1763850209,156971,189760,17,1
5,StockLevel,1763850209,157161,518582,12,1
1,NewOrder,1763850209,166414,112755,32,1
2,Payment,1763850209,166446,281932,42,1
2,Payment,1763850209,166483,195247,44,1
1,NewOrder,1763850209,166814,378771,30,1
2,Payment,1763850209,167429,185756,8,1
2,Payment,1763850209,167697,259295,34,1
2,Payment,1763850209,190528,231443,10,1
2,Payment,1763850209,204936,168011,9,1
2,Payment,1763850209,211923,352448,1,1
2,Payment,1763850209,211937,308171,40,1
1,NewOrder,1763850209,220861,197495,39,1
2,Payment,1763850209,227619,205091,15,1
2,Payment,1763850209,232300,333429,13,1
1,NewOrder,1763850209,240206,172782,37,1
1,NewOrder,1763850209,240225,160798,22,1
2,Payment,1763850209,242941,311948,48,1
4,Delivery,1763850209,251324,345401,3,1
5,StockLevel,1763850209,256011,477716,5,1
3,OrderStatus,1763850209,264759,19700,49,1
2,Payment,1763850209,269957,275482,16,1
1,NewOrder,1763850209,279212,285060,32,1
2,Payment,1763850209,284488,353998,49,1
2,Payment,1763850209,286801,168793,7,1
2,Payment,1763850209,287011,424719,23,1
2,Payment,1763850209,287139,335012,18,1
4,Delivery,1763850209,291628,71821,46,1
2,Payment,1763850209,298247,331872,33,1
2,Payment,1763850209,298305,266433,43,1
1,NewOrder,1763850209,305348,157199,36,1
1,NewOrder,1763850209,316506,484112,19,1
2,Payment,1763850209,316643,560321,27,1
1,NewOrder,1763850209,326219,592263,45,1
1,NewOrder,1763850209,331622,426897,6,1
2,Payment,1763850209,340151,281756,41,1
1,NewOrder,1763850209,346770,662380,17,1
1,NewOrder,1763850209,353221,269518,8,1
2,Payment,1763850209,353221,135304,35,1
1,NewOrder,1763850209,353279,384008,14,1
2,Payment,1763850209,361768,372997,44,1
1,NewOrder,1763850209,361857,114356,31,1
1,NewOrder,1763850209,362131,427090,29,1
2,Payment,1763850209,362475,533244,11,1
2,Payment,1763850209,363488,582807,46,1
2,Payment,1763850209,372983,416074,9,1
1,NewOrder,1763850209,377706,300632,0,1
2,Payment,1763850209,401067,347463,22,1
1,NewOrder,1763850209,408793,490887,4,1
4,Delivery,1763850209,413028,132984,37,1
1,NewOrder,1763850209,418393,244645,39,1
2,Payment,1763850209,420233,511481,26,1
1,NewOrder,1763850209,422004,391879,10,1
1,NewOrder,1763850209,427031,313612,34,1
2,Payment,1763850209,432746,652056,15,1
1,NewOrder,1763850209,440741,498184,24,1
5,StockLevel,1763850209,448418,330389,42,1
1,NewOrder,1763850209,448631,290133,2,1
1,NewOrder,1763850209,451973,259355,38,1
1,NewOrder,1763850209,455642,461977,7,1
2,Payment,1763850209,462590,310801,36,1
3,OrderStatus,1763850209,466707,89178,28,1
2,Payment,1763850209,476294,484560,31,1
3,OrderStatus,1763850209,488585,40164,35,1
2,Payment,1763850209,520158,267305,40,1
1,NewOrder,1763850209,525157,388828,47,1
2,Payment,1763850209,528789,276233,35,1
2,Payment,1763850209,545480,578639,16,1
1,NewOrder,1763850209,545616,373717,30,1
1,NewOrder,1763850209,546028,443982,37,1
1,NewOrder,1763850209,554926,344747,48,1
2,Payment,1763850209,555920,476099,28,1
1,NewOrder,1763850209,564319,273468,32,1
3,OrderStatus,1763850209,564391,68382,1,1
1,NewOrder,1763850209,564765,376954,43,1
5,StockLevel,1763850209,564866,336498,20,1
1,NewOrder,1763850209,565759,476558,13,1
1,NewOrder,1763850209,596769,198576,3,1
2,Payment,1763850209,621972,377043,41,1
1,NewOrder,1763850209,622163,696933,18,1
2,Payment,1763850209,622761,338809,8,1
2,Payment,1763850209,630157,400795,33,1
2,Payment,1763850209,632860,305999,1,1
1,NewOrder,1763850209,637669,229518,21,1
1,NewOrder,1763850209,638550,720355,49,1
2,Payment,1763850209,663080,398938,39,1
1,NewOrder,1763850209,675783,323231,12,1
1,NewOrder,1763850209,678390,653555,0,1
2,Payment,1763850209,711373,457093,38,1
2,Payment,1763850209,711757,287620,23,1
2,Payment,1763850209,733769,351252,5,1
2,Payment,1763850209,734803,343722,44,1
1,NewOrder,1763850209,737929,325576,14,1
1,NewOrder,1763850209,738801,469802,2,1
1,NewOrder,1763850209,740690,546164,34,1
4,Delivery,1763850209,748561,419945,22,1
1,NewOrder,1763850209,758557,182444,6,1
1,NewOrder,1763850209,773434,125898,36,1
1,NewOrder,1763850209,778848,750534,42,1
2,Payment,1763850209,787507,541284,40,1
1,NewOrder,1763850209,789093,542810,9,1
4,Delivery,1763850209,789249,492526,29,1
1,NewOrder,1763850209,795378,306403,3,1
1,NewOrder,1763850209,801525,509363,19,1
2,Payment,1763850209,805059,416137,35,1
1,NewOrder,1763850209,813923,251919,10,1
1,NewOrder,1763850209,834060,591315,25,1
2,Payment,1763850209,837959,505102,32,1
1,NewOrder,1763850209,867253,491097,21,1
2,Payment,1763850209,876996,601780,27,1
2,Payment,1763850209,895761,222836,11,1
1,NewOrder,1763850209,899379,473786,36,1
2,Payment,1763850209,899695,500822,4,1
1,NewOrder,1763850209,899700,297474,48,1
1,NewOrder,1763850209,901401,523231,20,1
2,Payment,1763850209,914031,501957,47,1
2,Payment,1763850209,917677,484285,7,1
4,Delivery,1763850209,918510,80603,45,1
1,NewOrder,1763850209,919364,369016,30,1
2,Payment,1763850209,931752,576646,26,1
2,Payment,1763850209,938899,499221,1,1
1,NewOrder,1763850209,938943,516833,24,1
2,Payment,1763850209,941041,514414,6,1
5,StockLevel,1763850209,941752,368853,43,1
4,Delivery,1763850209,946334,181215,46,1
5,StockLevel,1763850209,961108,289503,31,1
2,Payment,1763850209,961595,607902,8,1
1,NewOrder,1763850209,990054,354388,37,1
2,Payment,1763850209,999051,189192,12,1
2,Payment,1763850209,999051,368655,41,1
2,Payment,1763850209,999132,474938,45,1
2,Payment,1763850209,999402,526423,23,1
3,OrderStatus,1763850210,009193,116115,17,1
2,Payment,1763850210,030998,393771,33,1
2,Payment,1763850210,032056,558083,28,1
2,Payment,1763850210,042355,194689,13,1
2,Payment,1763850210,062059,362367,39,1
2,Payment,1763850210,063542,211157,14,1
2,Payment,1763850210,065887,279185,10,1
1,NewOrder,1763850210,078571,503238,44,1
2,Payment,1763850210,084849,288876,15,1
1,NewOrder,1763850210,085034,656535,5,1
5,StockLevel,1763850210,101829,272481,3,1
2,Payment,1763850210,118639,347697,11,1
2,Payment,1763850210,124188,300548,16,1
2,Payment,1763850210,125338,353395,17,1
2,Payment,1763850210,127606,391857,46,1
2,Payment,1763850210,168536,310335,38,1
5,StockLevel,1763850210,168545,296589,22,1
3,OrderStatus,1763850210,188306,141381,12,1
1,NewOrder,1763850210,197259,376876,48,1
4,Delivery,1763850210,208689,270046,2,1
1,NewOrder,1763850210,221251,416347,35,1
2,Payment,1763850210,237089,276031,13,1
1,NewOrder,1763850210,250756,352443,31,1
2,Payment,1763850210,274753,272657,14,1
1,NewOrder,1763850210,281828,395691,29,1
3,OrderStatus,1763850210,286897,42797,34,1
1,NewOrder,1763850210,288416,210916,30,1
2,Payment,1763850210,310942,202179,19,1
5,StockLevel,1763850210,310946,32623,43,1
2,Payment,1763850210,319135,284213,18,1
2,Payment,1763850210,328827,279947,40,1
2,Payment,1763850210,329723,238673,12,1
2,Payment,1763850210,329727,334325,34,1
1,NewOrder,1763850210,331934,291943,9,1
1,NewOrder,1763850210,331971,264816,0,1
1,NewOrder,1763850210,343099,211390,32,1
1,NewOrder,1763850210,343599,143415,43,1
3,OrderStatus,1763850210,344466,116118,37,1
2,Payment,1763850210,345098,263832,10,1
2,Payment,1763850210,358390,204702,21,1
2,Payment,1763850210,358929,309753,49,1
2,Payment,1763850210,367755,264326,41,1
2,Payment,1763850210,373222,295478,36,1
2,Payment,1763850210,373765,254990,15,1
2,Payment,1763850210,374335,339620,3,1
1,NewOrder,1763850210,400587,190233,4,1
2,Payment,1763850210,402001,406890,7,1
2,Payment,1763850210,416044,291150,47,1
2,Payment,1763850210,424487,272726,39,1
1,NewOrder,1763850210,424696,316893,20,1
2,Payment,1763850210,424781,296194,16,1
5,StockLevel,1763850210,425410,217414,25,1
1,NewOrder,1763850210,425783,371908,33,1
2,Payment,1763850210,438175,327075,1,1
1,NewOrder,1763850210,455523,176823,6,1
1,NewOrder,1763850210,455820,168097,24,1
2,Payment,1763850210,460633,281348,37,1
1,NewOrder,1763850210,465214,183531,22,1
1,NewOrder,1763850210,466373,275699,11,1
1,NewOrder,1763850210,474114,128999,45,1
1,NewOrder,1763850210,478772,324014,2,1
4,Delivery,1763850210,478773,337363,17,1
1,NewOrder,1763850210,478798,274225,27,1
2,Payment,1763850210,478877,304835,38,1
1,NewOrder,1763850210,487058,249434,43,1
1,NewOrder,1763850210,499376,247124,30,1
3,OrderStatus,1763850210,508452,57241,26,1
2,Payment,1763850210,513154,303177,13,1
1,NewOrder,1763850210,513155,359638,19,1
1,NewOrder,1763850210,519493,272317,46,1
3,OrderStatus,1763850210,525963,70625,23,1
1,NewOrder,1763850210,529419,244386,42,1
2,Payment,1763850210,547446,311149,14,1
3,OrderStatus,1763850210,554529,38037,32,1
2,Payment,1763850210,563137,253031,21,1
5,StockLevel,1763850210,565733,383449,26,1
1,NewOrder,1763850210,568428,179346,12,1
2,Payment,1763850210,569535,282725,8,1
2,Payment,1763850210,574177,288433,48,1
2,Payment,1763850210,581853,233981,44,1
5,StockLevel,1763850210,590175,550023,28,1
2,Payment,1763850210,590850,307613,4,1
2,Payment,1763850210,592603,223470,32,1
1,NewOrder,1763850210,596627,384171,23,1
1,NewOrder,1763850210,596805,265762,0,1
2,Payment,1763850210,603167,307334,45,1
2,Payment,1763850210,603231,248974,31,1
2,Payment,1763850210,603364,300902,18,1
2,Payment,1763850210,608818,284578,40,1
2,Payment,1763850210,608960,289938,10,1
2,Payment,1763850210,623925,376300,9,1
1,NewOrder,1763850210,623953,291065,24,1
5,StockLevel,1763850210,628798,525262,15,1
2,Payment,1763850210,632120,282785,41,1
5,StockLevel,1763850210,632371,447591,6,1
4,Delivery,1763850210,637650,110113,35,1
1,NewOrder,1763850210,642887,357324,25,1
1,NewOrder,1763850210,648785,307426,22,1
3,OrderStatus,1763850210,664109,27946,34,1
1,NewOrder,1763850210,668725,178627,49,1
1,NewOrder,1763850210,668729,246284,36,1
2,Payment,1763850210,677571,208226,29,1
1,NewOrder,1763850210,692114,304365,34,1
1,NewOrder,1763850210,697263,118828,39,1
2,Payment,1763850210,707251,231980,47,1
2,Payment,1763850210,713998,235757,3,1
1,NewOrder,1763850210,721034,302663,16,1
1,NewOrder,1763850210,736539,219682,43,1
1,NewOrder,1763850210,741610,382613,5,1
1,NewOrder,1763850210,741626,226577,20,1
2,Payment,1763850210,742009,207108,37,1
1,NewOrder,1763850210,742084,222732,11,1
1,NewOrder,1763850210,746536,250065,30,1
2,Payment,1763850210,747800,235044,35,1
1,NewOrder,1763850210,747804,351765,12,1
1,NewOrder,1763850210,753066,161871,27,1
1,NewOrder,1763850210,765290,226490,1,1
1,NewOrder,1763850210,773849,294129,42,1
2,Payment,1763850210,783751,232627,38,1
4,Delivery,1763850210,791864,49945,46,1
2,Payment,1763850210,797736,308976,33,1
1,NewOrder,1763850210,802830,268495,2,1
1,NewOrder,1763850210,808931,321149,7,1
1,NewOrder,1763850210,815878,242396,44,1
1,NewOrder,1763850210,816105,295636,39,1
2,Payment,1763850210,816105,326973,32,1
1,NewOrder,1763850210,816164,169107,17,1
1,NewOrder,1763850210,816193,252867,21,1
5,StockLevel,1763850210,816347,435882,13,1
1,NewOrder,1763850210,841854,300499,46,1
2,Payment,1763850210,847396,201996,49,1
1,NewOrder,1763850210,852249,339220,31,1
1,NewOrder,1763850210,852289,282258,8,1
1,NewOrder,1763850210,858637,169606,14,1
2,Payment,1763850210,862611,293520,0,1
1,NewOrder,1763850210,862642,275477,48,1
2,Payment,1763850210,872835,232499,19,1
1,NewOrder,1763850210,885840,281164,29,1
1,NewOrder,1763850210,893436,71381,40,1
1,NewOrder,1763850210,898506,231429,4,1
1,NewOrder,1763850210,898923,112691,10,1
1,NewOrder,1763850210,904317,257979,18,1
3,OrderStatus,1763850210,910542,91389,45,1
3,OrderStatus,1763850210,914981,79624,27,1
1,NewOrder,1763850210,915037,190366,36,1
1,NewOrder,1763850210,915044,61896,24,1
1,NewOrder,1763850210,915482,226885,41,1
2,Payment,1763850210,939268,551659,47,1
1,NewOrder,1763850210,949163,185378,37,1
1,NewOrder,1763850210,949215,237375,26,1
1,NewOrder,1763850210,949784,303502,3,1
1,NewOrder,1763850210,956258,186355,43,1
1,NewOrder,1763850210,956481,173592,22,1
1,NewOrder,1763850210,964856,177549,11,1
1,NewOrder,1763850210,964856,269380,40,1
2,Payment,1763850210,968253,205696,20,1
3,OrderStatus,1763850210,976974,55166,24,1
1,NewOrder,1763850210,980831,256290,23,1
1,NewOrder,1763850210,982880,159499,35,1
2,Payment,1763850210,985301,285393,17,1
2,Payment,1763850210,991821,302589,1,1
1,NewOrder,1763850210,994646,294891,27,1
2,Payment,1763850210,996518,267323,34,1
1,NewOrder,1763850210,996631,237859,30,1
2,Payment,1763850211,000248,221808,25,1
3,OrderStatus,1763850211,000254,84194,9,1
1,NewOrder,1763850211,001970,429714,45,1
1,NewOrder,1763850211,011716,122869,10,1
2,Payment,1763850211,016423,150498,38,1
1,NewOrder,1763850211,023740,189980,16,1
2,Payment,1763850211,028282,151419,14,1
5,StockLevel,1763850211,032239,234164,24,1
4,Delivery,1763850211,049434,246849,49,1
1,NewOrder,1763850211,058314,340514,44,1
2,Payment,1763850211,068019,221417,42,1
2,Payment,1763850211,069099,220405,21,1
2,Payment,1763850211,071369,281781,2,1
2,Payment,1763850211,080004,114657,6,1
1,NewOrder,1763850211,084501,146706,9,1
2,Payment,1763850211,099608,106632,12,1
1,NewOrder,1763850211,105377,234511,19,1
1,NewOrder,1763850211,105421,131253,36,1
2,Payment,1763850211,106746,187542,33,1
2,Payment,1763850211,111786,177501,39,1
1,NewOrder,1763850211,124265,116704,5,1
1,NewOrder,1763850211,129981,143760,4,1
1,NewOrder,1763850211,130106,127497,22,1
1,NewOrder,1763850211,130107,141020,7,1
2,Payment,1763850211,134611,161368,8,1
2,Payment,1763850211,134611,220509,37,1
1,NewOrder,1763850211,134616,154799,10,1
2,Payment,1763850211,138151,408851,48,1
2,Payment,1763850211,140230,223168,28,1
1,NewOrder,1763850211,142387,609085,46,1
2,Payment,1763850211,142395,478742,41,1
3,OrderStatus,1763850211,142403,21383,35,1
1,NewOrder,1763850211,142422,128553,11,1
1,NewOrder,1763850211,142666,392937,43,1
1,NewOrder,1763850211,143102,274507,32,1
2,Payment,1763850211,154101,355961,15,1
1,NewOrder,1763850211,156155,371971,0,1
1,NewOrder,1763850211,162333,221918,18,1
2,Payment,1763850211,163821,232716,35,1
1,NewOrder,1763850211,167025,173253,29,1
1,NewOrder,1763850211,167085,462189,38,1
2,Payment,1763850211,173996,153951,20,1
1,NewOrder,1763850211,179748,123155,14,1
2,Payment,1763850211,186629,210506,26,1
1,NewOrder,1763850211,191512,380408,31,1
2,Payment,1763850211,194698,158363,6,1
1,NewOrder,1763850211,206282,64431,12,1
1,NewOrder,1763850211,213759,256861,16,1
2,Payment,1763850211,222103,250351,25,1
3,OrderStatus,1763850211,231244,33037,9,1
2,Payment,1763850211,234271,443016,40,1
1,NewOrder,1763850211,234503,274112,30,1
1,NewOrder,1763850211,236714,271843,36,1
1,NewOrder,1763850211,237145,360574,23,1
2,Payment,1763850211,241005,156920,5,1
2,Payment,1763850211,252280,96732,13,1
1,NewOrder,1763850211,253323,335276,3,1
1,NewOrder,1763850211,257643,298259,22,1
3,OrderStatus,1763850211,263872,4377,34,1
2,Payment,1763850211,264312,208562,9,1
1,NewOrder,1763850211,266440,147100,24,1
1,NewOrder,1763850211,268285,230699,34,1
2,Payment,1763850211,270737,269556,17,1
2,Payment,1763850211,270799,128206,12,1
1,NewOrder,1763850211,270991,406235,11,1
1,NewOrder,1763850211,271141,403523,7,1
2,Payment,1763850211,273774,401275,4,1
1,NewOrder,1763850211,289329,251374,39,1
1,NewOrder,1763850211,289437,342025,10,1
1,NewOrder,1763850211,289468,507361,42,1
3,OrderStatus,1763850211,289521,22056,21,1
1,NewOrder,1763850211,289560,375973,27,1
1,NewOrder,1763850211,294330,176078,33,1
1,NewOrder,1763850211,294438,341898,1,1
1,NewOrder,1763850211,296014,302485,8,1
1,NewOrder,1763850211,296304,378340,49,1
2,Payment,1763850211,302979,448484,14,1
1,NewOrder,1763850211,311620,186147,21,1
3,OrderStatus,1763850211,327987,29401,20,1
4,Delivery,1763850211,339960,439089,19,1
1,NewOrder,1763850211,340303,324450,29,1
2,Payment,1763850211,349053,412658,13,1
2,Payment,1763850211,353101,399066,6,1
2,Payment,1763850211,353168,382140,2,1
2,Payment,1763850211,355162,322122,37,1
1,NewOrder,1763850211,357426,199686,20,1
1,NewOrder,1763850211,363438,234992,28,1
2,Payment,1763850211,384306,222581,18,1
2,Payment,1763850211,396582,355112,35,1
1,NewOrder,1763850211,397499,277203,26,1
2,Payment,1763850211,397944,412474,5,1
1,NewOrder,1763850211,398870,481644,44,1
1,NewOrder,1763850211,399030,550678,12,1
1,NewOrder,1763850211,413581,208087,24,1
2,Payment,1763850211,418084,203037,32,1
4,Delivery,1763850211,431804,106292,45,1
2,Payment,1763850211,470449,205348,33,1
4,Delivery,1763850211,470645,663589,16,1
2,Payment,1763850211,472494,237513,25,1
2,Payment,1763850211,472901,389531,9,1
2,Payment,1763850211,490967,305952,47,1
2,Payment,1763850211,497807,179503,21,1
1,NewOrder,1763850211,499021,395010,34,1
2,Payment,1763850211,508595,296848,36,1
2,Payment,1763850211,508641,427237,30,1
2,Payment,1763850211,510102,164999,15,1
1,NewOrder,1763850211,528178,459843,0,1
3,OrderStatus,1763850211,536395,27047,43,1
2,Payment,1763850211,538247,293060,45,1
3,OrderStatus,1763850211,540338,42874,17,1
1,NewOrder,1763850211,540729,447274,39,1
1,NewOrder,1763850211,547038,475681,48,1
2,Payment,1763850211,555935,216060,22,1
2,Payment,1763850211,557150,280822,20,1
1,NewOrder,1763850211,563481,258718,43,1
2,Payment,1763850211,571959,401837,31,1
2,Payment,1763850211,583252,140261,17,1
1,NewOrder,1763850211,588644,242522,3,1
1,NewOrder,1763850211,597750,390395,23,1
2,Payment,1763850211,598489,153212,28,1
2,Payment,1763850211,598516,351377,8,1
2,Payment,1763850211,606931,165087,18,1
1,NewOrder,1763850211,621178,241796,32,1
1,NewOrder,1763850211,621178,258414,41,1
2,Payment,1763850211,621700,391582,24,1
1,NewOrder,1763850211,629322,346706,38,1
1,NewOrder,1763850211,631501,336661,10,1
1,NewOrder,1763850211,636380,227431,1,1
2,Payment,1763850211,664793,122076,29,1
1,NewOrder,1763850211,665568,236737,27,1
1,NewOrder,1763850211,674704,442069,7,1
2,Payment,1763850211,674704,383277,49,1
2,Payment,1763850211,674735,274889,26,1
1,NewOrder,1763850211,675072,189367,4,1
2,Payment,1763850211,675116,170869,15,1
1,NewOrder,1763850211,675822,545631,33,1
1,NewOrder,1763850211,677303,244337,11,1
2,Payment,1763850211,677316,335111,37,1
1,NewOrder,1763850211,677318,187460,40,1
2,Payment,1763850211,677330,388613,21,1
2,Payment,1763850211,710047,268117,25,1
2,Payment,1763850211,723563,168066,17,1
1,NewOrder,1763850211,735348,136218,2,1
2,Payment,1763850211,751503,237675,14,1
1,NewOrder,1763850211,751503,208475,46,1
2,Payment,1763850211,751729,259622,28,1
2,Payment,1763850211,751731,333522,35,1
1,NewOrder,1763850211,752186,313757,6,1
2,Payment,1763850211,761756,250729,13,1
2,Payment,1763850211,772036,322927,22,1
4,Delivery,1763850211,772049,234375,18,1
2,Payment,1763850211,779092,144077,19,1
2,Payment,1763850211,786902,290003,29,1
1,NewOrder,1763850211,796890,191052,42,1
1,NewOrder,1763850211,796931,213840,47,1
1,NewOrder,1763850211,805591,426955,36,1
2,Payment,1763850211,810463,341963,5,1
2,Payment,1763850211,822240,291484,43,1
5,StockLevel,1763850211,831208,200287,3,1
2,Payment,1763850211,831335,284313,45,1
2,Payment,1763850211,838013,320753,20,1
2,Payment,1763850211,846026,108562,15,1
2,Payment,1763850211,862479,311537,9,1
1,NewOrder,1763850211,863000,190166,32,1
1,NewOrder,1763850211,863843,308789,1,1
1,NewOrder,1763850211,864462,332157,4,1
1,NewOrder,1763850211,864799,501219,40,1
2,Payment,1763850211,871599,171964,2,1
1,NewOrder,1763850211,879630,382683,41,1
2,Payment,1763850211,880542,508424,44,1
3,OrderStatus,1763850211,891812,34062,17,1
1,NewOrder,1763850211,894074,171872,34,1
1,NewOrder,1763850211,903087,308197,27,1
1,NewOrder,1763850211,921696,259706,11,1
1,NewOrder,1763850211,923208,193040,19,1
1,NewOrder,1763850211,925908,270781,17,1
2,Payment,1763850211,935915,338461,30,1
2,Payment,1763850211,949693,338410,26,1
2,Payment,1763850211,949738,274059,12,1
4,Delivery,1763850211,949915,330293,8,1
2,Payment,1763850211,954627,266815,15,1
1,NewOrder,1763850211,960022,236315,46,1
5,StockLevel,1763850211,968221,294750,10,1
1,NewOrder,1763850211,973890,371033,31,1
1,NewOrder,1763850211,976069,338131,38,1
1,NewOrder,1763850211,978201,250529,25,1
4,Delivery,1763850211,987979,261657,42,1
1,NewOrder,1763850211,988013,329701,39,1
1,NewOrder,1763850211,988043,212572,0,1
2,Payment,1763850211,988166,208124,23,1
1,NewOrder,1763850211,989205,207806,14,1
1,NewOrder,1763850212,006466,312957,18,1
5,StockLevel,1763850212,010809,146730,47,1
2,Payment,1763850212,011383,289099,28,1
1,NewOrder,1763850212,012453,183837,37,1
1,NewOrder,1763850212,012514,311305,13,1
1,NewOrder,1763850212,013307,227305,24,1
2,Payment,1763850212,022758,374523,48,1
1,NewOrder,1763850212,031544,149744,3,1
1,NewOrder,1763850212,044051,137297,2,1
2,Payment,1763850212,053212,406247,32,1
1,NewOrder,1763850212,058020,238345,49,1
1,NewOrder,1763850212,065991,230407,21,1
1,NewOrder,1763850212,065991,295345,6,1
1,NewOrder,1763850212,065996,371042,34,1
2,Payment,1763850212,076946,295008,29,1
2,Payment,1763850212,085305,252475,35,1
2,Payment,1763850212,095000,222739,22,1
1,NewOrder,1763850212,113752,345840,43,1
2,Payment,1763850212,115708,360445,45,1
2,Payment,1763850212,116276,249505,19,1
1,NewOrder,1763850212,116796,234452,7,1
4,Delivery,1763850212,134278,112063,16,1
2,Payment,1763850212,152469,250393,5,1
1,NewOrder,1763850212,157573,581685,47,1
2,Payment,1763850212,158804,230902,20,1
5,StockLevel,1763850212,173064,319213,1,1
4,Delivery,1763850212,174045,340002,9,1
2,Payment,1763850212,181323,155917,3,1
2,Payment,1763850212,181361,83926,2,1
1,NewOrder,1763850212,181431,149251,11,1
1,NewOrder,1763850212,196335,267156,23,1
1,NewOrder,1763850212,196336,244314,37,1
1,NewOrder,1763850212,196360,356908,46,1
4,Delivery,1763850212,196635,391909,4,1
4,Delivery,1763850212,196708,199397,17,1
1,NewOrder,1763850212,197031,154268,14,1
2,Payment,1763850212,200734,180890,0,1
2,Payment,1763850212,211323,317909,27,1
2,Payment,1763850212,221488,232484,15,1
5,StockLevel,1763850212,221488,692094,33,1
1,NewOrder,1763850212,223832,138222,12,1
2,Payment,1763850212,228777,341622,25,1
1,NewOrder,1763850212,232624,163583,36,1
1,NewOrder,1763850212,240673,262090,24,1
5,StockLevel,1763850212,246385,766025,16,1
2,Payment,1763850212,249692,299498,42,1
2,Payment,1763850212,262386,545342,41,1
2,Payment,1763850212,262993,165623,10,1
2,Payment,1763850212,265320,156699,2,1
2,Payment,1763850212,274418,215487,30,1
1,NewOrder,1763850212,280250,250011,8,1
1,NewOrder,1763850212,288147,538250,26,1
2,Payment,1763850212,296406,589594,49,1
1,NewOrder,1763850212,296426,269773,21,1
1,NewOrder,1763850212,300527,554768,28,1
2,Payment,1763850212,314242,256319,38,1
2,Payment,1763850212,317757,369755,39,1
2,Payment,1763850212,317758,481626,22,1
2,Payment,1763850212,319463,162540,18,1
1,NewOrder,1763850212,323861,166076,13,1
2,Payment,1763850212,330725,492180,11,1
1,NewOrder,1763850212,337285,480071,3,1
2,Payment,1763850212,337811,454792,35,1
2,Payment,1763850212,344961,178884,31,1
2,Payment,1763850212,351288,212060,7,1
1,NewOrder,1763850212,351329,177906,14,1
2,Payment,1763850212,361377,281599,6,1
1,NewOrder,1763850212,362088,195344,12,1
1,NewOrder,1763850212,365824,369495,19,1
1,NewOrder,1763850212,366163,143615,40,1
2,Payment,1763850212,371996,543457,29,1
2,Payment,1763850212,381719,460708,0,1
1,NewOrder,1763850212,389006,579420,44,1
1,NewOrder,1763850212,389750,571728,20,1
2,Payment,1763850212,396135,412548,17,1
4,Delivery,1763850212,396235,173965,36,1
1,NewOrder,1763850212,397310,466984,48,1
1,NewOrder,1763850212,402917,451799,5,1
4,Delivery,1763850212,422063,463796,2,1
2,Payment,1763850212,428688,422040,10,1
1,NewOrder,1763850212,437074,413665,34,1
1,NewOrder,1763850212,440705,445995,37,1
2,Payment,1763850212,454009,431971,15,1
1,NewOrder,1763850212,459499,396356,32,1
1,NewOrder,1763850212,459613,596269,43,1
1,NewOrder,1763850212,463527,426656,23,1
1,NewOrder,1763850212,476191,643321,45,1
2,Payment,1763850212,482045,486045,18,1
2,Payment,1763850212,489941,396019,30,1
1,NewOrder,1763850212,489967,468577,13,1
2,Payment,1763850212,492312,393431,1,1
3,OrderStatus,1763850212,502797,49526,24,1
1,NewOrder,1763850212,509824,376139,40,1
1,NewOrder,1763850212,514084,406202,9,1
2,Payment,1763850212,523887,461409,31,1
1,NewOrder,1763850212,529287,458869,14,1
1,NewOrder,1763850212,529537,360280,27,1
2,Payment,1763850212,530290,426337,8,1
1,NewOrder,1763850212,549220,414425,42,1
1,NewOrder,1763850212,552359,323496,24,1
2,Payment,1763850212,553293,607403,46,1
2,Payment,1763850212,557470,498295,12,1
4,Delivery,1763850212,563389,287305,7,1
1,NewOrder,1763850212,566239,323429,21,1
2,Payment,1763850212,570244,493209,36,1
1,NewOrder,1763850212,570425,684384,25,1
2,Payment,1763850212,570586,366926,38,1
2,Payment,1763850212,588590,371250,4,1
1,NewOrder,1763850212,643027,664704,6,1
1,NewOrder,1763850212,687561,143319,39,1
2,Payment,1763850212,735367,274890,19,1
1,NewOrder,1763850212,739304,297079,47,1
1,NewOrder,1763850212,792641,536616,35,1
3,OrderStatus,1763850212,799427,57458,22,1
1,NewOrder,1763850212,807769,89744,41,1
2,Payment,1763850212,808716,313782,17,1
1,NewOrder,1763850212,817392,338408,3,1
2,Payment,1763850212,822953,332684,11,1
2,Payment,1763850212,826436,500592,26,1
2,Payment,1763850212,830920,566039,39,1
1,NewOrder,1763850212,842468,425003,0,1
1,NewOrder,1763850212,850737,446087,7,1
2,Payment,1763850212,850756,325699,10,1
2,Payment,1763850212,850758,179053,34,1
2,Payment,1763850212,854748,486115,5,1
1,NewOrder,1763850212,855317,200527,28,1
1,NewOrder,1763850212,855883,361799,32,1
2,Payment,1763850212,856918,198634,22,1
2,Payment,1763850212,864334,332743,48,1
4,Delivery,1763850212,875895,779032,24,1
2,Payment,1763850212,885788,455116,1,1
1,NewOrder,1763850212,885889,290368,2,1
3,OrderStatus,1763850212,885978,59023,40,1
2,Payment,1763850212,885981,459161,30,1
1,NewOrder,1763850212,886004,407234,15,1
2,Payment,1763850212,886017,344914,49,1
1,NewOrder,1763850212,886719,424527,37,1
2,Payment,1763850212,889705,246941,21,1
1,NewOrder,1763850212,890073,166129,27,1
2,Payment,1763850212,890197,286625,23,1
1,NewOrder,1763850212,897552,256861,41,1
2,Payment,1763850212,913622,585613,33,1
2,Payment,1763850212,915496,467121,29,1
2,Payment,1763850212,920826,489443,9,1
2,Payment,1763850212,937554,518391,38,1
2,Payment,1763850212,945045,272117,40,1
4,Delivery,1763850212,956690,337351,8,1
1,NewOrder,1763850212,958584,382377,13,1
2,Payment,1763850212,959883,432685,4,1
5,StockLevel,1763850212,961516,179202,20,1
2,Payment,1763850212,963747,329720,42,1
1,NewOrder,1763850212,968133,398910,18,1
3,OrderStatus,1763850212,968454,139703,44,1
2,Payment,1763850212,985388,561769,31,1
2,Payment,1763850212,988197,408761,14,1
1,NewOrder,1763850213,010302,399937,19,1
1,NewOrder,1763850213,012450,284052,16,1
2,Payment,1763850213,029854,551696,34,1
2,Payment,1763850213,036432,260112,47,1
1,NewOrder,1763850213,055597,306591,22,1
2,Payment,1763850213,055796,385882,12,1
2,Payment,1763850213,055863,410951,28,1
2,Payment,1763850213,055908,352828,43,1
1,NewOrder,1763850213,056223,588638,27,1
4,Delivery,1763850213,063503,207598,36,1
2,Payment,1763850213,108194,389894,44,1
2,Payment,1763850213,119556,225330,45,1
1,NewOrder,1763850213,122541,343152,17,1
2,Payment,1763850213,136714,272805,21,1
5,StockLevel,1763850213,140756,252066,20,1
1,NewOrder,1763850213,154454,599290,41,1
2,Payment,1763850213,155690,333234,11,1
2,Payment,1763850213,155820,310184,3,1
2,Payment,1763850213,160738,280112,46,1
1,NewOrder,1763850213,176290,533023,2,1
1,NewOrder,1763850213,176489,532964,10,1
1,NewOrder,1763850213,176839,432645,23,1
3,OrderStatus,1763850213,197118,49203,48,1
1,NewOrder,1763850213,217203,505343,40,1
1,NewOrder,1763850213,217708,516644,32,1
1,NewOrder,1763850213,230968,480575,49,1
1,NewOrder,1763850213,246364,466135,48,1
2,Payment,1763850213,254855,440670,25,1
2,Payment,1763850213,267515,486926,0,1
1,NewOrder,1763850213,271149,440356,36,1
2,Payment,1763850213,293282,213986,15,1
2,Payment,1763850213,293495,512828,42,1
2,Payment,1763850213,294072,179520,8,1
1,NewOrder,1763850213,296539,457943,16,1
1,NewOrder,1763850213,296573,414745,47,1
1,NewOrder,1763850213,296841,467872,7,1
1,NewOrder,1763850213,307803,322681,6,1
1,NewOrder,1763850213,311290,400136,37,1
2,Payment,1763850213,327069,395659,26,1
2,Payment,1763850213,329300,408617,35,1
5,StockLevel,1763850213,340907,322427,5,1
2,Payment,1763850213,340985,481128,13,1
2,Payment,1763850213,341174,438537,1,1
2,Payment,1763850213,344930,408791,45,1
1,NewOrder,1763850213,345160,464873,30,1
1,NewOrder,1763850213,362229,403177,22,1
1,NewOrder,1763850213,367266,354716,18,1
2,Payment,1763850213,382669,370818,29,1
1,NewOrder,1763850213,392790,337924,4,1
2,Payment,1763850213,392847,401038,20,1
2,Payment,1763850213,396991,366720,39,1
1,NewOrder,1763850213,396991,377772,14,1
2,Payment,1763850213,408775,434695,43,1
1,NewOrder,1763850213,409556,499001,21,1
1,NewOrder,1763850213,410264,229881,19,1
1,NewOrder,1763850213,410294,219953,9,1
1,NewOrder,1763850213,440920,422618,46,1
1,NewOrder,1763850213,441711,189410,12,1
2,Payment,1763850213,455989,345465,38,1
1,NewOrder,1763850213,465723,246678,17,1
2,Payment,1763850213,466034,360172,3,1
2,Payment,1763850213,466840,312204,28,1
1,NewOrder,1763850213,473633,250109,8,1
1,NewOrder,1763850213,488965,461732,11,1
2,Payment,1763850213,498130,369147,44,1
2,Payment,1763850213,499271,351185,33,1
2,Payment,1763850213,507306,283222,15,1
2,Payment,1763850213,547198,337855,31,1
1,NewOrder,1763850213,581592,496463,34,1
1,NewOrder,1763850213,609523,309958,23,1
2,Payment,1763850213,630283,161436,9,1
2,Payment,1763850213,630496,210012,6,1
1,NewOrder,1763850213,631140,389112,12,1
2,Payment,1763850213,640191,201321,19,1
2,Payment,1763850213,644903,161972,27,1
2,Payment,1763850213,654966,315628,24,1
2,Payment,1763850213,663376,208311,5,1
2,Payment,1763850213,695761,148311,25,1
1,NewOrder,1763850213,709352,235366,2,1
1,NewOrder,1763850213,709484,234904,10,1
2,Payment,1763850213,711348,199145,47,1
1,NewOrder,1763850213,711451,325998,37,1
2,Payment,1763850213,711526,146013,36,1
1,NewOrder,1763850213,711558,160868,49,1
2,Payment,1763850213,712426,164575,17,1
1,NewOrder,1763850213,712525,151034,48,1
2,Payment,1763850213,722021,202896,18,1
2,Payment,1763850213,722578,212793,40,1
2,Payment,1763850213,722753,149032,26,1
2,Payment,1763850213,723784,241899,8,1
1,NewOrder,1763850213,730754,379522,4,1
2,Payment,1763850213,734391,399688,32,1
2,Payment,1763850213,737962,372113,35,1
2,Payment,1763850213,753525,141200,29,1
1,NewOrder,1763850213,753734,287537,45,1
1,NewOrder,1763850213,753887,304724,41,1
1,NewOrder,1763850213,754470,210114,0,1
1,NewOrder,1763850213,754508,355522,16,1
1,NewOrder,1763850213,763766,255799,39,1
4,Delivery,1763850213,764851,254731,7,1
1,NewOrder,1763850213,765434,117259,22,1
2,Payment,1763850213,774807,314818,14,1
3,OrderStatus,1763850213,779091,14045,28,1
1,NewOrder,1763850213,779741,234165,1,1
5,StockLevel,1763850213,790570,40055,15,1
2,Payment,1763850213,791796,233007,9,1
1,NewOrder,1763850213,793171,232068,28,1
1,NewOrder,1763850213,793917,316216,20,1
1,NewOrder,1763850213,801494,218072,38,1
2,Payment,1763850213,806362,273132,42,1
4,Delivery,1763850213,806957,157381,27,1
2,Payment,1763850213,810280,345581,30,1
4,Delivery,1763850213,822152,1722586,13,1
1,NewOrder,1763850213,826249,193491,3,1
1,NewOrder,1763850213,830682,206705,15,1
1,NewOrder,1763850213,840559,280677,6,1
2,Payment,1763850213,841552,292402,19,1
2,Payment,1763850213,843508,290829,43,1
2,Payment,1763850213,844106,205026,25,1
2,Payment,1763850213,850494,340399,33,1
1,NewOrder,1763850213,857572,589965,36,1
2,Payment,1763850213,863569,207394,46,1
2,Payment,1763850213,863589,247340,48,1
1,NewOrder,1763850213,867305,187095,44,1
2,Payment,1763850213,871731,318797,5,1
4,Delivery,1763850213,871822,238278,26,1
1,NewOrder,1763850213,872455,147279,49,1
2,Payment,1763850213,877098,302526,17,1
2,Payment,1763850213,882768,263426,22,1
2,Payment,1763850213,885109,407482,31,1
2,Payment,1763850213,894768,169250,29,1
3,OrderStatus,1763850213,908601,49871,21,1
1,NewOrder,1763850213,910532,280276,47,1
2,Payment,1763850213,919517,260341,23,1
2,Payment,1763850213,925351,276544,18,1
2,Payment,1763850213,935404,220101,40,1
3,OrderStatus,1763850213,944429,82410,10,1
5,StockLevel,1763850213,944744,1450560,2,1
2,Payment,1763850213,950734,228940,11,1
2,Payment,1763850213,958519,303225,21,1
5,StockLevel,1763850213,964381,1883873,27,1
2,Payment,1763850213,964614,186504,0,1
1,NewOrder,1763850213,965721,180774,8,1
1,NewOrder,1763850213,970675,893377,24,1
1,NewOrder,1763850214,013947,385200,1,1
1,NewOrder,1763850214,019614,328099,7,1
2,Payment,1763850214,019614,636268,39,1
1,NewOrder,1763850214,019614,297543,38,1
3,OrderStatus,1763850214,019752,54809,49,1
3,OrderStatus,1763850214,019758,150329,3,1
2,Payment,1763850214,020273,184279,12,1
1,NewOrder,1763850214,024842,1888079,9,1
2,Payment,1763850214,025273,130170,28,1
1,NewOrder,1763850214,026875,1996451,10,1
1,NewOrder,1763850214,037423,337343,15,1
4,Delivery,1763850214,037478,128323,37,1
1,NewOrder,1763850214,041312,149365,45,1
2,Payment,1763850214,049176,145016,25,1
3,OrderStatus,1763850214,054445,36205,44,1
1,NewOrder,1763850214,058678,550587,41,1
2,Payment,1763850214,064061,253096,29,1
2,Payment,1763850214,071006,300338,46,1
1,NewOrder,1763850214,074602,219335,49,1
2,Payment,1763850214,078097,296653,34,1
2,Payment,1763850214,079536,1052201,42,1
5,StockLevel,1763850214,089701,1886990,14,1
2,Payment,1763850214,090702,1149945,44,1
2,Payment,1763850214,110073,969596,16,1
1,NewOrder,1763850214,110104,1130510,35,1
2,Payment,1763850214,110122,264686,26,1
2,Payment,1763850214,110151,968176,20,1
1,NewOrder,1763850214,110290,236625,4,1
1,NewOrder,1763850214,110951,753097,48,1
2,Payment,1763850214,121265,1838155,6,1
1,NewOrder,1763850214,133989,573526,19,1
2,Payment,1763850214,134106,787831,32,1
4,Delivery,1763850214,134358,1100947,43,1
1,NewOrder,1763850214,146231,277592,22,1
2,Payment,1763850214,146515,1854723,8,1
1,NewOrder,1763850214,151162,247858,0,1
2,Payment,1763850214,155479,352455,28,1
1,NewOrder,1763850214,155533,1386255,40,1
1,NewOrder,1763850214,155873,1441828,30,1
1,NewOrder,1763850214,165838,1275549,37,1
3,OrderStatus,1763850214,170132,92457,3,1
1,NewOrder,1763850214,179674,219285,17,1
1,NewOrder,1763850214,179704,1705242,11,1
2,Payment,1763850214,179868,1214359,23,1
2,Payment,1763850214,190564,1840296,5,1
1,NewOrder,1763850214,190707,889455,45,1
1,NewOrder,1763850214,190822,1044537,47,1
1,NewOrder,1763850214,190917,1542897,33,1
1,NewOrder,1763850214,194234,462105,25,1
3,OrderStatus,1763850214,201960,175198,18,1
2,Payment,1763850214,204590,1860940,12,1
4,Delivery,1763850214,261791,1387265,21,1
1,NewOrder,1763850214,262622,393729,3,1
1,NewOrder,1763850214,292725,1251409,31,1
2,Payment,1763850214,293990,1303502,49,1
1,NewOrder,1763850214,317521,760749,38,1
2,Payment,1763850214,318105,917026,29,1
1,NewOrder,1763850214,346980,517072,4,1
1,NewOrder,1763850214,347765,1837561,7,1
1,NewOrder,1763850214,371397,1469634,46,1
1,NewOrder,1763850214,374813,1479358,34,1
1,NewOrder,1763850214,374821,1171320,15,1
1,NewOrder,1763850214,374864,384376,26,1
2,Payment,1763850214,377204,2233709,18,1
2,Payment,1763850214,399128,1042324,0,1
1,NewOrder,1763850214,399139,1198569,17,1
2,Payment,1763850214,399173,1413566,1,1
2,Payment,1763850214,423873,1116805,22,1
5,StockLevel,1763850214,447580,1715507,36,1
2,Payment,1763850214,507980,978810,28,1
2,Payment,1763850214,609332,1150100,41,1
1,NewOrder,1763850214,655947,1046901,39,1
2,Payment,1763850214,656368,941592,25,1
2,Payment,1763850214,656380,1205183,3,1
1,NewOrder,1763850214,707557,1817239,19,1
1,NewOrder,1763850214,759285,1223143,26,1
1,NewOrder,1763850214,864120,1185392,4,1
2,Payment,1763850214,864120,948526,24,1
4,Delivery,1763850214,864127,479708,48,1
2,Payment,1763850214,921994,1033285,32,1
1,NewOrder,1763850215,078323,461937,38,1
2,Payment,1763850215,078370,884913,20,1
1,NewOrder,1763850215,079713,1860216,16,1
1,NewOrder,1763850215,080202,706198,45,1
5,StockLevel,1763850215,131784,1134384,42,1
2,Payment,1763850215,235202,788068,29,1
1,NewOrder,1763850215,235415,697810,47,1
2,Payment,1763850215,235614,599930,43,1
2,Payment,1763850215,240707,572029,35,1
5,StockLevel,1763850215,240733,1038224,44,1
2,Payment,1763850215,343947,619282,48,1
4,Delivery,1763850215,394273,882482,23,1
1,NewOrder,1763850215,395335,534977,2,1
2,Payment,1763850215,441439,428168,37,1
1,NewOrder,1763850215,441500,534087,0,1
5,StockLevel,1763850215,486853,697083,28,1
2,Payment,1763850215,540346,350816,38,1
2,Payment,1763850215,540726,448374,22,1
2,Payment,1763850215,541837,375642,40,1
2,Payment,1763850215,544196,475687,31,1
2,Payment,1763850215,544775,655543,13,1
5,StockLevel,1763850215,546194,316899,15,1
1,NewOrder,1763850215,597540,550208,49,1
1,NewOrder,1763850215,597739,542049,30,1
1,NewOrder,1763850215,597742,1244976,17,1
2,Payment,1763850215,598030,479043,25,1
2,Payment,1763850215,649105,381918,21,1
2,Payment,1763850215,702916,260389,39,1
1,NewOrder,1763850215,733877,374839,33,1
1,NewOrder,1763850215,759498,467266,41,1
1,NewOrder,1763850215,786460,490546,45,1
2,Payment,1763850215,812722,267167,24,1
1,NewOrder,1763850215,812761,279197,35,1
2,Payment,1763850215,812790,302367,1,1
1,NewOrder,1763850215,835610,187864,43,1
2,Payment,1763850215,841098,500703,46,1
1,NewOrder,1763850215,848310,536012,27,1
1,NewOrder,1763850215,854239,469650,34,1
1,NewOrder,1763850215,861635,459486,3,1
2,Payment,1763850215,863203,1193325,15,1
5,StockLevel,1763850215,869690,411998,37,1
2,Payment,1763850215,885006,391697,11,1
2,Payment,1763850215,891231,353354,38,1
2,Payment,1763850215,912983,449407,9,1
3,OrderStatus,1763850215,917548,35454,40,1
1,NewOrder,1763850215,930349,509222,2,1
2,Payment,1763850215,933285,457452,47,1
1,NewOrder,1763850215,953043,101078,40,1
1,NewOrder,1763850215,955345,341967,32,1
2,Payment,1763850215,959474,455780,6,1
4,Delivery,1763850215,963272,295848,48,1
1,NewOrder,1763850215,963316,483774,20,1
2,Payment,1763850215,963341,314577,39,1
1,NewOrder,1763850215,975671,452908,0,1
1,NewOrder,1763850215,976750,484776,14,1
1,NewOrder,1763850215,982472,341416,26,1
2,Payment,1763850215,989172,484721,22,1
1,NewOrder,1763850216,001268,295977,8,1
2,Payment,1763850216,019980,359649,31,1
1,NewOrder,1763850216,023314,274035,29,1
1,NewOrder,1763850216,023337,406476,10,1
1,NewOrder,1763850216,023506,112985,43,1
1,NewOrder,1763850216,030903,650595,5,1
2,Payment,1763850216,031054,497206,21,1
1,NewOrder,1763850216,049564,311182,4,1
1,NewOrder,1763850216,054174,241798,40,1
2,Payment,1763850216,065573,426238,12,1
2,Payment,1763850216,077190,348312,25,1
2,Payment,1763850216,079932,531017,24,1
1,NewOrder,1763850216,092021,420051,35,1
1,NewOrder,1763850216,108787,487577,33,1
2,Payment,1763850216,115200,355129,1,1
1,NewOrder,1763850216,136571,225250,43,1
4,Delivery,1763850216,139849,220940,30,1
1,NewOrder,1763850216,147780,414152,49,1
1,NewOrder,1763850216,163150,282825,36,1
1,NewOrder,1763850216,183997,427303,28,1
5,StockLevel,1763850216,185380,222574,7,1
2,Payment,1763850216,200379,335095,13,1
2,Payment,1763850216,226817,177547,41,1
2,Payment,1763850216,244649,318407,38,1
2,Payment,1763850216,259173,351749,48,1
2,Payment,1763850216,266220,173082,42,1
2,Payment,1763850216,276755,319479,11,1
2,Payment,1763850216,276771,404352,23,1
2,Payment,1763850216,277019,375180,45,1
1,NewOrder,1763850216,277968,471092,39,1
3,OrderStatus,1763850216,278997,47786,44,1
1,NewOrder,1763850216,281734,601137,37,1
2,Payment,1763850216,296038,184279,40,1
2,Payment,1763850216,297293,467466,8,1
1,NewOrder,1763850216,297336,278008,32,1
4,Delivery,1763850216,297402,413317,29,1
1,NewOrder,1763850216,321178,383331,3,1
1,NewOrder,1763850216,323951,360276,26,1
2,Payment,1763850216,323952,314355,34,1
1,NewOrder,1763850216,326848,313162,44,1
2,Payment,1763850216,341869,374364,46,1
2,Payment,1763850216,360805,439217,4,1
2,Payment,1763850216,360836,343286,30,1
1,NewOrder,1763850216,361851,321938,43,1
1,NewOrder,1763850216,362412,132210,9,1
2,Payment,1763850216,379831,423224,31,1
1,NewOrder,1763850216,384380,252559,27,1
2,Payment,1763850216,390787,430520,47,1
1,NewOrder,1763850216,404407,187487,41,1
2,Payment,1763850216,407997,414495,7,1
1,NewOrder,1763850216,415307,538418,6,1
1,NewOrder,1763850216,425543,487318,25,1
2,Payment,1763850216,428623,433784,0,1
1,NewOrder,1763850216,429853,390346,10,1
1,NewOrder,1763850216,439346,278373,42,1
2,Payment,1763850216,439596,473145,2,1
1,NewOrder,1763850216,446020,342999,36,1
2,Payment,1763850216,447127,327122,20,1
1,NewOrder,1763850216,461582,421827,14,1
1,NewOrder,1763850216,470397,594580,1,1
2,Payment,1763850216,473965,353514,22,1
2,Payment,1763850216,480373,323639,40,1
1,NewOrder,1763850216,491870,448946,12,1
2,Payment,1763850216,494711,627207,9,1
1,NewOrder,1763850216,512126,238732,35,1
1,NewOrder,1763850216,524856,467536,19,1
2,Payment,1763850216,528312,354468,21,1
2,Payment,1763850216,535539,437762,13,1
3,OrderStatus,1763850216,561978,23391,49,1
1,NewOrder,1763850216,563105,141258,38,1
2,Payment,1763850216,575396,287514,32,1
1,NewOrder,1763850216,585502,491893,49,1
1,NewOrder,1763850216,591950,675377,41,1
1,NewOrder,1763850216,596390,490158,33,1
1,NewOrder,1763850216,596432,587272,11,1
1,NewOrder,1763850216,610974,469998,48,1
2,Payment,1763850216,610974,465099,18,1
2,Payment,1763850216,611005,399465,24,1
1,NewOrder,1763850216,611329,281165,28,1
1,NewOrder,1763850216,637011,382634,27,1
1,NewOrder,1763850216,638403,437684,34,1
4,Delivery,1763850216,640079,516619,44,1
1,NewOrder,1763850216,652360,380951,45,1
2,Payment,1763850216,681168,392157,23,1
1,NewOrder,1763850216,681529,411429,5,1
2,Payment,1763850216,683830,623024,43,1
1,NewOrder,1763850216,684257,196814,26,1
1,NewOrder,1763850216,704164,338272,30,1
2,Payment,1763850216,704395,249120,38,1
1,NewOrder,1763850216,704531,323261,3,1
2,Payment,1763850216,710764,354213,29,1
2,Payment,1763850216,716691,398239,46,1
1,NewOrder,1763850216,717754,200510,42,1
2,Payment,1763850216,749156,243180,39,1
1,NewOrder,1763850216,750892,349940,35,1
2,Payment,1763850216,764818,376712,8,1
1,NewOrder,1763850216,774292,421586,20,1
3,OrderStatus,1763850216,789064,38745,36,1
1,NewOrder,1763850216,800068,372885,4,1
1,NewOrder,1763850216,803094,202757,31,1
2,Payment,1763850216,804043,593792,40,1
2,Payment,1763850216,820257,387330,10,1
5,StockLevel,1763850216,821349,227157,47,1
1,NewOrder,1763850216,822529,529947,7,1
1,NewOrder,1763850216,827627,367747,22,1
1,NewOrder,1763850216,827842,362677,36,1
1,NewOrder,1763850216,842763,407516,17,1
1,NewOrder,1763850216,862454,189886,0,1
5,StockLevel,1763850216,862937,425114,32,1
3,OrderStatus,1763850216,881114,33176,26,1
1,NewOrder,1763850216,882814,307914,21,1
1,NewOrder,1763850216,882899,213877,37,1
1,NewOrder,1763850216,883435,280278,14,1
2,Payment,1763850216,892543,203990,28,1
2,Payment,1763850216,912791,288647,2,1
1,NewOrder,1763850216,912892,288402,25,1
1,NewOrder,1763850216,914399,286878,26,1
1,NewOrder,1763850216,918311,540625,42,1
1,NewOrder,1763850216,939982,243934,16,1
3,OrderStatus,1763850216,940858,98849,12,1
1,NewOrder,1763850216,953786,258749,6,1
2,Payment,1763850216,953866,258432,38,1
2,Payment,1763850216,973389,259501,13,1
2,Payment,1763850216,992380,251305,39,1
1,NewOrder,1763850216,992425,239470,19,1
2,Payment,1763850217,005895,147417,31,1
2,Payment,1763850217,010514,221380,24,1
1,NewOrder,1763850217,019766,175978,27,1
1,NewOrder,1763850217,027841,262882,3,1
2,Payment,1763850217,033359,93786,45,1
2,Payment,1763850217,039751,214024,12,1
1,NewOrder,1763850217,042480,379813,30,1
5,StockLevel,1763850217,048546,13578,47,1
2,Payment,1763850217,052392,255653,0,1
3,OrderStatus,1763850217,056572,12790,15,1
1,NewOrder,1763850217,062168,164113,47,1
2,Payment,1763850217,065017,283585,1,1
2,Payment,1763850217,065017,242606,29,1
2,Payment,1763850217,069405,229713,15,1
1,NewOrder,1763850217,073367,261268,23,1
1,NewOrder,1763850217,076129,382608,18,1
1,NewOrder,1763850217,076129,159707,34,1
1,NewOrder,1763850217,077437,182547,49,1
2,Payment,1763850217,081640,224265,48,1
1,NewOrder,1763850217,086592,295129,33,1
2,Payment,1763850217,093020,288504,5,1
2,Payment,1763850217,096599,284925,28,1
2,Payment,1763850217,096808,210651,37,1
3,OrderStatus,1763850217,100915,59748,35,1
1,NewOrder,1763850217,114975,266599,46,1
1,NewOrder,1763850217,121952,109973,9,1
1,NewOrder,1763850217,127192,289286,45,1
2,Payment,1763850217,141707,267492,8,1
2,Payment,1763850217,153527,305262,31,1
2,Payment,1763850217,156744,469629,44,1
1,NewOrder,1763850217,160708,256444,35,1
1,NewOrder,1763850217,163767,185082,14,1
2,Payment,1763850217,172995,220207,4,1
1,NewOrder,1763850217,183765,145153,11,1
2,Payment,1763850217,183941,298918,16,1
2,Payment,1763850217,190610,251377,36,1
4,Delivery,1763850217,190749,170129,21,1
1,NewOrder,1763850217,195457,145397,22,1
1,NewOrder,1763850217,195948,185588,20,1
2,Payment,1763850217,196002,201833,27,1
2,Payment,1763850217,201321,257529,26,1
2,Payment,1763850217,201332,216137,25,1
1,NewOrder,1763850217,201474,333996,2,1
1,NewOrder,1763850217,207633,173885,10,1
2,Payment,1763850217,212331,256229,38,1
1,NewOrder,1763850217,212546,314638,6,1
2,Payment,1763850217,226367,232218,47,1
2,Payment,1763850217,231954,190262,24,1
5,StockLevel,1763850217,231955,226019,9,1
1,NewOrder,1763850217,232001,134763,19,1
2,Payment,1763850217,232938,165449,13,1
2,Payment,1763850217,235879,260170,34,1
2,Payment,1763850217,243732,265223,39,1
2,Payment,1763850217,250330,258432,17,1
2,Payment,1763850217,253815,162919,12,1
1,NewOrder,1763850217,260021,121437,49,1
2,Payment,1763850217,267459,1413616,41,1
2,Payment,1763850217,288270,229721,32,1
1,NewOrder,1763850217,290803,183286,3,1
2,Payment,1763850217,299180,242603,15,1
3,OrderStatus,1763850217,305961,40076,48,1
1,NewOrder,1763850217,306904,220136,43,1
1,NewOrder,1763850217,307691,220788,29,1
1,NewOrder,1763850217,308075,211276,0,1
3,OrderStatus,1763850217,309395,62477,37,1
1,NewOrder,1763850217,328977,198175,11,1
2,Payment,1763850217,334715,139689,23,1
3,OrderStatus,1763850217,340894,29514,22,1
1,NewOrder,1763850217,346081,201443,48,1
5,StockLevel,1763850217,348726,118668,1,1
2,Payment,1763850217,348878,333189,14,1
2,Payment,1763850217,352524,339926,7,1
2,Payment,1763850217,360931,147114,21,1
2,Payment,1763850217,366816,883757,19,1
1,NewOrder,1763850217,370440,2535444,22,1
2,Payment,1763850217,371901,175636,37,1
1,NewOrder,1763850217,381491,183491,49,1
2,Payment,1763850217,381551,869030,10,1
1,NewOrder,1763850217,381556,165969,28,1
5,StockLevel,1763850217,381557,73810,20,1
3,OrderStatus,1763850217,381559,60120,5,1
3,OrderStatus,1763850217,381597,47804,46,1
2,Payment,1763850217,381743,211989,33,1
2,Payment,1763850217,393251,236260,4,1
1,NewOrder,1763850217,397869,2374885,40,1
2,Payment,1763850217,397870,216282,27,1
1,NewOrder,1763850217,398414,62414,13,1
1,NewOrder,1763850217,409236,2338893,8,1
1,NewOrder,1763850217,416562,233984,45,1
1,NewOrder,1763850217,416760,2300024,12,1
2,Payment,1763850217,417193,242867,35,1
2,Payment,1763850217,417497,240039,25,1
2,Payment,1763850217,422291,2539791,24,1
2,Payment,1763850217,422325,821958,30,1
1,NewOrder,1763850217,429443,2476265,46,1
2,Payment,1763850217,441716,2519276,5,1
1,NewOrder,1763850217,442022,2455700,36,1
1,NewOrder,1763850217,455401,1886593,20,1
2,Payment,1763850217,458013,2585679,9,1
1,NewOrder,1763850217,458611,2258333,47,1
2,Payment,1763850217,458756,2023771,18,1
1,NewOrder,1763850217,458813,2426277,31,1
2,Payment,1763850217,458863,792016,26,1
2,Payment,1763850217,458944,2524979,42,1
2,Payment,1763850217,460867,2400780,13,1
2,Payment,1763850217,467430,217763,1,1
1,NewOrder,1763850217,468598,2177983,38,1
2,Payment,1763850217,474133,776405,3,1
2,Payment,1763850217,474432,2569037,23,1
1,NewOrder,1763850217,482930,2445906,16,1
2,Payment,1763850217,496095,2454234,34,1
1,NewOrder,1763850217,508092,2886436,21,1
1,NewOrder,1763850217,508989,2397793,39,1
2,Payment,1763850217,509226,2556173,17,1
1,NewOrder,1763850217,518031,2381211,32,1
2,Payment,1763850217,519390,1584802,0,1
1,NewOrder,1763850217,527088,2369607,43,1
5,StockLevel,1763850217,527193,2554152,11,1
2,Payment,1763850217,527215,2565032,6,1
5,StockLevel,1763850217,528503,2497650,29,1
3,OrderStatus,1763850217,535497,997261,2,1
1,NewOrder,1763850217,541838,2381193,15,1
3,OrderStatus,1763850217,547562,117761,28,1
2,Payment,1763850217,547562,2413243,48,1
4,Delivery,1763850217,547602,1934320,37,1
1,NewOrder,1763850217,565026,2557470,49,1
1,NewOrder,1763850217,594008,2302703,33,1
1,NewOrder,1763850217,614202,2102510,27,1
2,Payment,1763850217,626415,2454478,44,1
2,Payment,1763850217,629556,1709539,4,1
4,Delivery,1763850217,650592,1864106,45,1
5,StockLevel,1763850217,657569,2352842,25,1
2,Payment,1763850217,660099,2372214,35,1
1,NewOrder,1763850217,665371,1886552,28,1
2,Payment,1763850217,682115,2236083,14,1
4,Delivery,1763850217,685274,2243272,1,1
1,NewOrder,1763850217,692735,2651314,7,1
1,NewOrder,1763850218,244360,1884239,30,1
3,OrderStatus,1763850218,250604,857211,3,1
2,Payment,1763850218,250619,1862596,19,1
1,NewOrder,1763850218,250621,1887839,10,1
5,StockLevel,1763850218,250907,1863529,26,1
2,Payment,1763850218,532829,1179208,2,1
2,Payment,1763850218,681129,1526403,41,1
1,NewOrder,1763850219,104269,1009431,0,1
4,Delivery,1763850219,107869,1315550,3,1
2,Payment,1763850219,339160,870134,4,1
1,NewOrder,1763850219,342101,937775,20,1
2,Payment,1763850219,481972,598969,37,1
2,Payment,1763850219,482556,700079,18,1
2,Payment,1763850219,514757,860845,45,1
3,OrderStatus,1763850219,551973,252900,28,1
2,Payment,1763850219,646631,549685,38,1
2,Payment,1763850219,712085,575655,2,1
1,NewOrder,1763850219,716766,524386,27,1
2,Payment,1763850219,716973,732415,47,1
2,Payment,1763850219,717983,519239,12,1
1,NewOrder,1763850219,748184,701028,8,1
2,Payment,1763850219,772801,536828,40,1
2,Payment,1763850219,804927,238864,28,1
1,NewOrder,1763850219,861788,266986,13,1
2,Payment,1763850219,885131,526707,31,1
2,Payment,1763850219,896763,470160,43,1
1,NewOrder,1763850219,896764,481981,33,1
1,NewOrder,1763850219,897756,580195,36,1
1,NewOrder,1763850219,899301,354926,32,1
2,Payment,1763850219,905776,586227,46,1
1,NewOrder,1763850219,905946,438390,22,1
5,StockLevel,1763850219,906806,422132,39,1
2,Payment,1763850219,918243,382720,14,1
1,NewOrder,1763850219,923089,417341,15,1
1,NewOrder,1763850219,928607,577723,1,1
2,Payment,1763850219,928880,521016,16,1
3,OrderStatus,1763850219,950390,59246,34,1
5,StockLevel,1763850219,960865,468785,48,1
1,NewOrder,1763850219,961033,404375,5,1
2,Payment,1763850219,962131,487069,24,1
1,NewOrder,1763850219,983975,533667,42,1
2,Payment,1763850220,010115,439602,34,1
1,NewOrder,1763850220,010447,230605,25,1
1,NewOrder,1763850220,026340,215182,29,1
2,Payment,1763850220,032415,471622,35,1
1,NewOrder,1763850220,043509,546340,23,1
1,NewOrder,1763850220,043720,321369,9,1
1,NewOrder,1763850220,043822,334940,28,1
3,OrderStatus,1763850220,065457,101887,17,1
2,Payment,1763850220,080929,467137,44,1
2,Payment,1763850220,080968,456122,37,1
2,Payment,1763850220,081365,330280,11,1
4,Delivery,1763850220,092338,299297,6,1
5,StockLevel,1763850220,113250,312903,19,1
1,NewOrder,1763850220,113722,518089,0,1
1,NewOrder,1763850220,114461,292452,26,1
4,Delivery,1763850220,122532,381606,49,1
2,Payment,1763850220,128636,370783,30,1
2,Payment,1763850220,128800,320083,13,1
1,NewOrder,1763850220,138504,423671,10,1
2,Payment,1763850220,167394,331932,17,1
1,NewOrder,1763850220,182797,454344,18,1
2,Payment,1763850220,196430,435686,38,1
2,Payment,1763850220,207595,388848,41,1
2,Payment,1763850220,209343,439542,4,1
1,NewOrder,1763850220,237266,399731,12,1
5,StockLevel,1763850220,241128,76920,25,1
2,Payment,1763850220,241206,206477,27,1
1,NewOrder,1763850220,241545,329665,29,1
2,Payment,1763850220,254302,274603,32,1
2,Payment,1763850220,279949,375461,20,1
2,Payment,1763850220,287808,476349,2,1
2,Payment,1763850220,301096,362194,14,1
1,NewOrder,1763850220,309750,210232,40,1
2,Payment,1763850220,318103,313605,25,1
4,Delivery,1763850220,329061,313112,39,1
1,NewOrder,1763850220,340488,246416,15,1
1,NewOrder,1763850220,344105,233412,7,1
1,NewOrder,1763850220,344371,287566,22,1
1,NewOrder,1763850220,365133,201133,9,1
2,Payment,1763850220,365423,112940,5,1
1,NewOrder,1763850220,366961,275212,43,1
1,NewOrder,1763850220,375639,195568,45,1
2,Payment,1763850220,378860,254507,33,1
2,Payment,1763850220,378871,252874,28,1
1,NewOrder,1763850220,392274,197362,6,1
1,NewOrder,1763850220,394768,241756,21,1
2,Payment,1763850220,406973,241884,26,1
2,Payment,1763850220,411714,340268,11,1
2,Payment,1763850220,411886,269869,31,1
1,NewOrder,1763850220,423478,493433,3,1
2,Payment,1763850220,426212,282134,19,1
1,NewOrder,1763850220,430046,206557,48,1
2,Payment,1763850220,448040,269279,27,1
5,StockLevel,1763850220,448915,268587,13,1
2,Payment,1763850220,449231,231375,24,1
1,NewOrder,1763850220,449412,182334,47,1
1,NewOrder,1763850220,449417,182532,8,1
1,NewOrder,1763850220,449729,419063,34,1
1,NewOrder,1763850220,449926,183535,16,1
1,NewOrder,1763850220,477990,274926,36,1
4,Delivery,1763850220,478409,76949,5,1
2,Payment,1763850220,492042,163066,46,1
1,NewOrder,1763850220,499367,340491,17,1
2,Payment,1763850220,499451,400915,30,1
5,StockLevel,1763850220,504077,169702,35,1
1,NewOrder,1763850220,504155,256423,49,1
2,Payment,1763850220,506363,428949,1,1
1,NewOrder,1763850220,517702,162905,42,1
1,NewOrder,1763850220,520155,155130,40,1
2,Payment,1763850220,528940,406326,32,1
2,Payment,1763850220,537140,259046,37,1
1,NewOrder,1763850220,548106,127158,44,1
1,NewOrder,1763850220,555397,99721,5,1
1,NewOrder,1763850220,562239,277364,10,1
1,NewOrder,1763850220,566304,70233,9,1
1,NewOrder,1763850220,571244,268220,29,1
3,OrderStatus,1763850220,571245,36007,45,1
4,Delivery,1763850220,577566,123527,7,1
2,Payment,1763850220,586941,297418,15,1
1,NewOrder,1763850220,589720,83287,6,1
1,NewOrder,1763850220,589863,253690,23,1
2,Payment,1763850220,596495,121474,41,1
4,Delivery,1763850220,607288,29718,45,1
2,Payment,1763850220,631741,241785,25,1
1,NewOrder,1763850220,631755,208704,47,1
1,NewOrder,1763850220,631766,190468,28,1
2,Payment,1763850220,631831,323480,0,1
1,NewOrder,1763850220,632178,190210,22,1
2,Payment,1763850220,632211,216692,38,1
1,NewOrder,1763850220,632281,207520,8,1
2,Payment,1763850220,633392,348014,33,1
2,Payment,1763850220,633476,272421,16,1
1,NewOrder,1763850220,636554,202984,21,1
2,Payment,1763850220,636557,115728,9,1
1,NewOrder,1763850220,636612,82023,48,1
5,StockLevel,1763850220,637029,314423,45,1
1,NewOrder,1763850220,637046,220332,12,1
2,Payment,1763850220,637152,303312,18,1
2,Payment,1763850220,642206,235334,39,1
2,Payment,1763850220,642206,103069,43,1
1,NewOrder,1763850220,648888,173347,26,1
2,Payment,1763850220,648907,332596,4,1
1,NewOrder,1763850220,655152,250837,5,1
2,Payment,1763850220,655155,206918,46,1
1,NewOrder,1763850220,655432,201864,20,1
2,Payment,1763850220,663319,220946,14,1
1,NewOrder,1763850220,673057,167027,6,1
2,Payment,1763850220,673805,232265,35,1
2,Payment,1763850220,675290,102924,44,1
1,NewOrder,1763850220,675315,260063,40,1
5,StockLevel,1763850220,680644,247286,24,1
2,Payment,1763850220,680646,158748,42,1
1,NewOrder,1763850220,681953,357551,31,1
1,NewOrder,1763850220,701127,156394,7,1
1,NewOrder,1763850220,708447,281321,19,1
1,NewOrder,1763850220,717382,217944,27,1
1,NewOrder,1763850220,717530,139865,13,1
2,Payment,1763850220,717991,240972,41,1
2,Payment,1763850220,718682,195370,48,1
1,NewOrder,1763850220,745302,195097,43,1
2,Payment,1763850220,752013,153933,11,1
3,OrderStatus,1763850220,752304,22751,9,1
1,NewOrder,1763850220,752953,244690,36,1
1,NewOrder,1763850220,760613,228518,49,1
2,Payment,1763850220,764217,243753,2,1
2,Payment,1763850220,775087,159878,9,1
1,NewOrder,1763850220,778424,151585,44,1
2,Payment,1763850220,796217,283300,37,1
2,Payment,1763850220,822282,280066,26,1
2,Payment,1763850220,822282,207771,28,1
2,Payment,1763850220,822434,83490,22,1
2,Payment,1763850220,839439,150470,42,1
1,NewOrder,1763850220,839503,156685,29,1
2,Payment,1763850220,839556,83325,21,1
3,OrderStatus,1763850220,839623,123832,10,1
1,NewOrder,1763850220,839817,187272,8,1
1,NewOrder,1763850220,839887,345412,17,1
1,NewOrder,1763850220,840105,240186,6,1
1,NewOrder,1763850220,840487,149298,47,1
1,NewOrder,1763850220,843592,131625,23,1
2,Payment,1763850220,848941,258351,38,1
3,OrderStatus,1763850220,857336,38072,20,1
1,NewOrder,1763850220,857394,113507,12,1
3,OrderStatus,1763850220,857426,42203,13,1
2,Payment,1763850220,857540,268610,7,1
1,NewOrder,1763850220,862107,270274,46,1
1,NewOrder,1763850220,868822,300392,34,1
1,NewOrder,1763850220,873560,469837,25,1
1,NewOrder,1763850220,877572,111489,39,1
2,Payment,1763850220,884299,105957,14,1
2,Payment,1763850220,884389,332749,15,1
2,Payment,1763850220,895455,103218,20,1
2,Payment,1763850220,899689,127880,13,1
1,NewOrder,1763850220,900392,179333,30,1
1,NewOrder,1763850220,905931,139431,16,1
3,OrderStatus,1763850220,905951,43786,22,1
2,Payment,1763850220,905962,168285,11,1
4,Delivery,1763850220,906001,34821,5,1
2,Payment,1763850220,906087,275874,35,1
1,NewOrder,1763850220,914083,75656,48,1
1,NewOrder,1763850220,916938,695193,3,1
1,NewOrder,1763850220,922913,591823,21,1
2,Payment,1763850220,927950,127097,24,1
2,Payment,1763850220,930030,82639,44,1
2,Payment,1763850220,935003,243988,9,1
2,Payment,1763850220,935300,272902,32,1
2,Payment,1763850220,935342,359924,1,1
4,Delivery,1763850220,935343,129070,27,1
2,Payment,1763850220,935397,182010,40,1
1,NewOrder,1763850220,940436,498879,43,1
1,NewOrder,1763850220,940499,459400,18,1
1,NewOrder,1763850220,940844,472720,5,1
1,NewOrder,1763850220,949774,447032,22,1
2,Payment,1763850220,951478,246614,45,1
2,Payment,1763850220,955344,372755,0,1
1,NewOrder,1763850220,958993,437812,41,1
1,NewOrder,1763850220,963483,292969,10,1
2,Payment,1763850220,970932,481712,12,1
4,Delivery,1763850220,975245,424614,23,1
2,Payment,1763850220,981431,261689,33,1
2,Payment,1763850220,981509,410365,4,1
1,NewOrder,1763850220,989087,354309,39,1
2,Payment,1763850220,989152,342245,49,1
2,Payment,1763850220,989780,499209,19,1
2,Payment,1763850220,989797,299065,47,1
2,Payment,1763850220,989922,494239,42,1
2,Payment,1763850220,990022,391490,48,1
2,Payment,1763850220,990269,509338,14,1
1,NewOrder,1763850220,996505,439425,29,1
1,NewOrder,1763850220,997677,408485,36,1
1,NewOrder,1763850220,998724,593419,20,1
5,StockLevel,1763850221,008003,279927,2,1
1,NewOrder,1763850221,012703,384119,44,1
1,NewOrder,1763850221,027129,393906,8,1
1,NewOrder,1763850221,027592,378474,13,1
1,NewOrder,1763850221,030087,394718,28,1
2,Payment,1763850221,039539,246760,31,1
1,NewOrder,1763850221,045406,403935,16,1
3,OrderStatus,1763850221,055112,67817,24,1
1,NewOrder,1763850221,064437,275210,27,1
1,NewOrder,1763850221,074276,694661,11,1
1,NewOrder,1763850221,079558,312046,37,1
2,Payment,1763850221,079747,233208,30,1
4,Delivery,1763850221,080317,171564,6,1
2,Payment,1763850221,102549,423528,26,1
1,NewOrder,1763850221,107334,292620,38,1
1,NewOrder,1763850221,117450,505025,40,1
2,Payment,1763850221,122976,546994,24,1
2,Payment,1763850221,126196,388279,7,1
4,Delivery,1763850221,132425,193484,46,1
2,Payment,1763850221,169267,182540,34,1
2,Payment,1763850221,179040,403367,9,1
2,Payment,1763850221,182007,324814,35,1
2,Payment,1763850221,185322,373794,17,1
1,NewOrder,1763850221,198139,417601,45,1
3,OrderStatus,1763850221,208250,30219,32,1
1,NewOrder,1763850221,217181,589523,15,1
3,OrderStatus,1763850221,238517,71530,32,1
2,Payment,1763850221,243168,147273,33,1
3,OrderStatus,1763850221,251919,58089,6,1
1,NewOrder,1763850221,256491,482274,10,1
1,NewOrder,1763850221,286353,245171,31,1
1,NewOrder,1763850221,287972,226764,2,1
2,Payment,1763850221,288893,367212,47,1
2,Payment,1763850221,295294,360175,1,1
1,NewOrder,1763850221,310056,410331,6,1
1,NewOrder,1763850221,310087,345592,32,1
2,Payment,1763850221,312997,373237,30,1
1,NewOrder,1763850221,325952,284697,46,1
1,NewOrder,1763850221,328143,203397,0,1
2,Payment,1763850221,331442,356281,49,1
2,Payment,1763850221,339740,251879,27,1
2,Payment,1763850221,343426,205956,39,1
1,NewOrder,1763850221,343426,463025,25,1
2,Payment,1763850221,351854,384073,34,1
1,NewOrder,1763850221,381561,547263,48,1
2,Payment,1763850221,390485,378441,33,1
2,Payment,1763850221,391639,195256,37,1
5,StockLevel,1763850221,391897,351995,4,1
2,Payment,1763850221,396849,339309,41,1
1,NewOrder,1763850221,396849,461073,22,1
1,NewOrder,1763850221,396862,283907,44,1
2,Payment,1763850221,399881,318134,23,1
2,Payment,1763850221,399916,454197,18,1
4,Delivery,1763850221,399965,368730,38,1
1,NewOrder,1763850221,406093,331259,13,1
1,NewOrder,1763850221,406183,538933,36,1
2,Payment,1763850221,413604,546973,5,1
1,NewOrder,1763850221,421078,413675,8,1
2,Payment,1763850221,424851,536204,28,1
1,NewOrder,1763850221,435957,370250,29,1
1,NewOrder,1763850221,439359,166643,43,1
2,Payment,1763850221,449372,465895,16,1
1,NewOrder,1763850221,452697,309004,12,1
1,NewOrder,1763850221,484185,453654,42,1
1,NewOrder,1763850221,489035,280207,19,1
1,NewOrder,1763850221,499650,204734,14,1
2,Payment,1763850221,506859,462246,35,1
1,NewOrder,1763850221,514546,273690,7,1
2,Payment,1763850221,514763,382426,21,1
1,NewOrder,1763850221,514765,254387,2,1
2,Payment,1763850221,526113,468089,26,1
2,Payment,1763850221,531564,258081,31,1
2,Payment,1763850221,531579,274589,0,1
2,Payment,1763850221,549420,485450,39,1
1,NewOrder,1763850221,559193,486562,17,1
2,Payment,1763850221,582451,448105,9,1
2,Payment,1763850221,586924,660665,37,1
1,NewOrder,1763850221,592028,853812,27,1
1,NewOrder,1763850221,592170,261556,20,1
1,NewOrder,1763850221,606054,343065,43,1
3,OrderStatus,1763850221,610755,27722,46,1
2,Payment,1763850221,612171,254453,3,1
1,NewOrder,1763850221,615776,304944,45,1
2,Payment,1763850221,622511,345805,40,1
2,Payment,1763850221,638502,366276,46,1
2,Payment,1763850221,655509,249621,1,1
1,NewOrder,1763850221,655706,289421,32,1
1,NewOrder,1763850221,656131,221262,47,1
5,StockLevel,1763850221,670007,139850,24,1
1,NewOrder,1763850221,680850,167232,44,1
2,Payment,1763850221,686270,328007,30,1
1,NewOrder,1763850221,687755,605319,49,1
2,Payment,1763850221,704416,112101,14,1
1,NewOrder,1763850221,718050,259907,23,1
2,Payment,1763850221,720421,331525,6,1
1,NewOrder,1763850221,735957,239012,34,1
3,OrderStatus,1763850221,736180,34679,41,1
1,NewOrder,1763850221,737374,253807,13,1
1,NewOrder,1763850221,739249,170419,10,1
1,NewOrder,1763850221,743926,221402,4,1
1,NewOrder,1763850221,761734,158873,12,1
2,Payment,1763850221,768727,617708,38,1
2,Payment,1763850221,768944,271319,33,1
1,NewOrder,1763850221,769164,214594,2,1
2,Payment,1763850221,769319,429470,19,1
1,NewOrder,1763850221,769723,221473,11,1
1,NewOrder,1763850221,770888,431747,41,1
1,NewOrder,1763850221,788269,651932,7,1
1,NewOrder,1763850221,789696,547570,31,1
1,NewOrder,1763850221,806199,147724,0,1
1,NewOrder,1763850221,806226,253263,29,1
1,NewOrder,1763850221,806480,392344,25,1
2,Payment,1763850221,806719,627790,15,1
1,NewOrder,1763850221,809889,241919,24,1
2,Payment,1763850221,816548,200812,14,1
1,NewOrder,1763850221,834788,617825,8,1
2,Payment,1763850221,848116,538208,44,1
1,NewOrder,1763850221,853757,163441,20,1
1,NewOrder,1763850221,854137,129804,18,1
1,NewOrder,1763850221,857952,172164,22,1
2,Payment,1763850221,866664,142056,3,1
2,Payment,1763850221,877423,556375,47,1
1,NewOrder,1763850221,897222,93974,21,1
2,Payment,1763850221,905165,124897,1,1
2,Payment,1763850221,909699,150005,10,1
2,Payment,1763850221,915303,623871,16,1
1,NewOrder,1763850221,920641,278250,12,1
2,Payment,1763850221,920749,541553,45,1
2,Payment,1763850221,928859,630226,48,1
1,NewOrder,1763850221,937876,84506,42,1
1,NewOrder,1763850221,945140,606213,36,1
2,Payment,1763850221,945147,557644,32,1
1,NewOrder,1763850221,949164,161599,43,1
1,NewOrder,1763850221,953963,244827,0,1
2,Payment,1763850221,960612,521754,5,1
3,OrderStatus,1763850221,961079,22243,28,1
1,NewOrder,1763850221,965356,460245,4,1
2,Payment,1763850221,968349,466522,40,1
2,Payment,1763850221,969131,606599,35,1
5,StockLevel,1763850221,975001,637432,34,1
2,Payment,1763850221,977987,408299,23,1
1,NewOrder,1763850221,983356,576653,28,1
1,NewOrder,1763850221,983776,491006,2,1
1,NewOrder,1763850221,983959,893833,18,1
2,Payment,1763850221,991207,444718,13,1
1,NewOrder,1763850221,991219,617959,21,1
2,Payment,1763850221,991250,539231,11,1
1,NewOrder,1763850221,994232,160577,26,1
2,Payment,1763850222,004813,606356,46,1
1,NewOrder,1763850222,008753,331731,3,1
2,Payment,1763850222,014314,545442,30,1
3,OrderStatus,1763850222,017234,141216,20,1
4,Delivery,1763850222,017387,929634,14,1
1,NewOrder,1763850222,022412,515886,42,1
3,OrderStatus,1763850222,030094,215783,1,1
2,Payment,1763850222,030169,1162797,22,1
2,Payment,1763850222,030576,482656,9,1
2,Payment,1763850222,034900,570993,39,1
1,NewOrder,1763850222,040299,779299,33,1
1,NewOrder,1763850222,045935,632921,17,1
1,NewOrder,1763850222,051837,1101239,24,1
1,NewOrder,1763850222,051956,573918,6,1
4,Delivery,1763850222,059522,484227,29,1
2,Payment,1763850222,059729,501287,10,1
2,Payment,1763850222,110796,477831,43,1
4,Delivery,1763850222,154844,441177,26,1
1,NewOrder,1763850222,158490,400802,20,1
2,Payment,1763850222,198835,299771,0,1
2,Payment,1763850222,198835,751436,19,1
1,NewOrder,1763850222,198861,453452,25,1
1,NewOrder,1763850222,198913,566393,12,1
4,Delivery,1763850222,202691,226577,41,1
1,NewOrder,1763850222,245910,377570,1,1
2,Payment,1763850222,247618,461887,37,1
2,Payment,1763850222,293112,407887,49,1
2,Payment,1763850222,337326,536536,31,1
1,NewOrder,1763850222,340521,244709,3,1
1,NewOrder,1763850222,386318,1037606,23,1
2,Payment,1763850222,386337,239414,44,1
3,OrderStatus,1763850222,386447,124744,38,1
1,NewOrder,1763850222,425744,188074,4,1
2,Payment,1763850222,429323,278099,41,1
2,Payment,1763850222,433842,381658,47,1
2,Payment,1763850222,434544,605946,15,1
2,Payment,1763850222,434902,309878,40,1
2,Payment,1763850222,435955,483645,13,1
2,Payment,1763850222,440242,218969,7,1
2,Payment,1763850222,445886,310126,27,1
1,NewOrder,1763850222,452672,156234,8,1
2,Payment,1763850222,462349,405039,45,1
2,Payment,1763850222,474832,196510,2,1
2,Payment,1763850222,482411,225466,5,1
1,NewOrder,1763850222,498682,375176,0,1
3,OrderStatus,1763850222,502839,18228,32,1
2,Payment,1763850222,511241,228732,38,1
2,Payment,1763850222,513270,249454,9,1
2,Payment,1763850222,521101,406775,32,1
1,NewOrder,1763850222,530524,147875,11,1
1,NewOrder,1763850222,538341,441559,42,1
1,NewOrder,1763850222,539380,637943,16,1
2,Payment,1763850222,543794,268255,29,1
1,NewOrder,1763850222,551381,373648,36,1
2,Payment,1763850222,559118,373323,48,1
2,Payment,1763850222,559308,1119775,20,1
2,Payment,1763850222,559778,395762,30,1
4,Delivery,1763850222,560028,298879,28,1
2,Payment,1763850222,561037,426652,10,1
1,NewOrder,1763850222,575764,257143,35,1
1,NewOrder,1763850222,585261,314059,3,1
2,Payment,1763850222,588797,415502,43,1
1,NewOrder,1763850222,596054,491980,26,1
2,Payment,1763850222,605964,370168,39,1
1,NewOrder,1763850222,608934,287441,8,1
2,Payment,1763850222,609197,1108259,21,1
2,Payment,1763850222,611200,389333,46,1
1,NewOrder,1763850222,612456,628860,34,1
2,Payment,1763850222,613839,325885,4,1
1,NewOrder,1763850222,623511,258579,1,1
2,Payment,1763850222,625782,447915,44,1
5,StockLevel,1763850222,625908,404463,6,1
2,Payment,1763850222,652342,483627,25,1
4,Delivery,1763850222,659241,273106,7,1
5,StockLevel,1763850222,671387,447759,2,1
1,NewOrder,1763850222,678442,626290,11,1
3,OrderStatus,1763850222,678889,70595,17,1
1,NewOrder,1763850222,701029,515894,49,1
1,NewOrder,1763850222,707467,191899,41,1
4,Delivery,1763850222,707911,288639,5,1
2,Payment,1763850222,709544,312880,37,1
1,NewOrder,1763850222,740017,554021,38,1
5,StockLevel,1763850222,744825,591864,40,1
1,NewOrder,1763850222,749526,530929,17,1
3,OrderStatus,1763850222,756054,82627,27,1
2,Payment,1763850222,762768,169631,9,1
1,NewOrder,1763850222,765341,525501,12,1
2,Payment,1763850222,812080,414045,29,1
2,Payment,1763850222,815522,478309,47,1
2,Payment,1763850222,819631,460648,33,1
2,Payment,1763850222,832931,647136,35,1
1,NewOrder,1763850222,838711,687587,27,1
1,NewOrder,1763850222,858944,522752,28,1
2,Payment,1763850222,867416,464940,45,1
1,NewOrder,1763850222,873892,342977,0,1
2,Payment,1763850222,873894,431240,31,1
1,NewOrder,1763850222,877833,387326,18,1
1,NewOrder,1763850222,882113,271533,1,1
1,NewOrder,1763850222,896418,291980,8,1
1,NewOrder,1763850222,899364,207584,3,1
1,NewOrder,1763850222,899383,381179,41,1
1,NewOrder,1763850222,919642,360557,13,1
1,NewOrder,1763850222,925073,411998,36,1
1,NewOrder,1763850222,927934,949618,32,1
1,NewOrder,1763850222,932390,284082,7,1
1,NewOrder,1763850222,932434,223755,9,1
4,Delivery,1763850222,932466,335960,48,1
1,NewOrder,1763850222,939763,327291,4,1
2,Payment,1763850222,947054,432160,14,1
3,OrderStatus,1763850222,950361,49260,19,1
2,Payment,1763850222,955581,381545,30,1
2,Payment,1763850222,976174,585464,39,1
4,Delivery,1763850222,980366,281683,42,1
2,Payment,1763850222,987713,436286,10,1
2,Payment,1763850222,996756,283522,5,1
4,Delivery,1763850222,999699,821180,19,1
2,Payment,1763850223,000568,400499,46,1
1,NewOrder,1763850223,004343,332620,43,1
2,Payment,1763850223,022474,629504,37,1
2,Payment,1763850223,030421,350979,6,1
1,NewOrder,1763850223,040536,175728,15,1
1,NewOrder,1763850223,073736,326951,44,1
2,Payment,1763850223,088067,537898,26,1
1,NewOrder,1763850223,106982,651329,3,1
2,Payment,1763850223,119178,226360,2,1
5,StockLevel,1763850223,135999,292125,25,1
1,NewOrder,1763850223,153110,422281,24,1
1,NewOrder,1763850223,153673,332738,1,1
1,NewOrder,1763850223,156226,602303,9,1
2,Payment,1763850223,177358,217015,16,1
1,NewOrder,1763850223,188431,373178,8,1
1,NewOrder,1763850223,192997,684187,22,1
2,Payment,1763850223,216295,255430,15,1
4,Delivery,1763850223,216491,182508,7,1
4,Delivery,1763850223,216889,146091,0,1
1,NewOrder,1763850223,216934,451501,49,1
1,NewOrder,1763850223,226158,559717,29,1
1,NewOrder,1763850223,241345,206702,34,1
1,NewOrder,1763850223,262082,225012,42,1
1,NewOrder,1763850223,265192,463713,18,1
2,Payment,1763850223,267087,518841,4,1
1,NewOrder,1763850223,268457,488051,48,1
1,NewOrder,1763850223,280232,419393,13,1
5,StockLevel,1763850223,280304,481205,5,1
5,StockLevel,1763850223,280305,480100,33,1
2,Payment,1763850223,280468,499092,17,1
2,Payment,1763850223,280583,259577,41,1
2,Payment,1763850223,290872,488802,12,1
2,Payment,1763850223,293861,491975,47,1
2,Payment,1763850223,294047,399061,38,1
2,Payment,1763850223,304768,508542,11,1
5,StockLevel,1763850223,305150,454787,31,1
1,NewOrder,1763850223,332390,405846,45,1
2,Payment,1763850223,336723,261676,40,1
1,NewOrder,1763850223,336985,442783,43,1
1,NewOrder,1763850223,337085,495133,36,1
4,Delivery,1763850223,337147,250215,30,1
3,OrderStatus,1763850223,345612,60209,2,1
1,NewOrder,1763850223,363008,519784,0,1
4,Delivery,1763850223,379248,457785,14,1
2,Payment,1763850223,381431,404292,6,1
5,StockLevel,1763850223,381710,357673,28,1
4,Delivery,1763850223,394443,546484,16,1
1,NewOrder,1763850223,399033,589072,7,1
1,NewOrder,1763850223,400717,298153,44,1
2,Payment,1763850223,401086,424770,46,1
2,Payment,1763850223,405853,550229,2,1
1,NewOrder,1763850223,423965,457637,23,1
2,Payment,1763850223,424031,438581,10,1
1,NewOrder,1763850223,428174,330537,25,1
2,Payment,1763850223,448090,482365,34,1
3,OrderStatus,1763850223,471769,134835,15,1
2,Payment,1763850223,480102,388677,35,1
2,Payment,1763850223,486448,501030,1,1
1,NewOrder,1763850223,487175,214379,42,1
1,NewOrder,1763850223,526447,212822,27,1
2,Payment,1763850223,540193,267818,41,1
1,NewOrder,1763850223,561644,352626,8,1
1,NewOrder,1763850223,561683,227996,39,1
2,Payment,1763850223,575424,323690,24,1
1,NewOrder,1763850223,587397,425133,30,1
2,Payment,1763850223,598430,278870,40,1
1,NewOrder,1763850223,606631,362578,15,1
1,NewOrder,1763850223,626000,147907,26,1
1,NewOrder,1763850223,652010,185023,37,1
1,NewOrder,1763850223,668463,323924,49,1
2,Payment,1763850223,679120,250513,20,1
2,Payment,1763850223,693142,218542,38,1
1,NewOrder,1763850223,698911,262530,44,1
1,NewOrder,1763850223,699648,255955,13,1
2,Payment,1763850223,701581,334332,42,1
4,Delivery,1763850223,717491,223503,21,1
1,NewOrder,1763850223,728934,218147,18,1
5,StockLevel,1763850223,738266,76737,45,1
2,Payment,1763850223,739301,103980,27,1
1,NewOrder,1763850223,739398,166504,28,1
1,NewOrder,1763850223,756550,219212,48,1
1,NewOrder,1763850223,758346,172086,3,1
2,Payment,1763850223,758556,277270,9,1
1,NewOrder,1763850223,758724,152584,25,1
2,Payment,1763850223,759959,279620,31,1
3,OrderStatus,1763850223,760434,10075,33,1
1,NewOrder,1763850223,761535,150197,5,1
1,NewOrder,1763850223,770541,219395,33,1
2,Payment,1763850223,773937,208012,26,1
1,NewOrder,1763850223,779594,142786,17,1
2,Payment,1763850223,779697,299199,12,1
2,Payment,1763850223,779782,327083,43,1
1,NewOrder,1763850223,785754,386659,6,1
1,NewOrder,1763850223,785860,133744,47,1
1,NewOrder,1763850223,785888,161154,29,1
2,Payment,1763850223,785942,249768,4,1
2,Payment,1763850223,789713,140765,39,1
2,Payment,1763850223,808056,331035,41,1
2,Payment,1763850223,813404,344669,11,1
2,Payment,1763850223,815042,217009,45,1
1,NewOrder,1763850223,820912,238541,19,1
2,Payment,1763850223,826050,241454,46,1
1,NewOrder,1763850223,832252,203395,36,1
1,NewOrder,1763850223,837072,213546,14,1
1,NewOrder,1763850223,837072,229768,37,1
2,Payment,1763850223,843313,153759,27,1
2,Payment,1763850223,862646,336776,10,1
1,NewOrder,1763850223,868810,190587,35,1
2,Payment,1763850223,877216,84357,22,1
2,Payment,1763850223,877325,342614,40,1
1,NewOrder,1763850223,877570,147877,32,1
1,NewOrder,1763850223,881765,122078,23,1
1,NewOrder,1763850223,882831,223915,0,1
1,NewOrder,1763850223,899142,150974,24,1
1,NewOrder,1763850223,905930,156766,28,1
1,NewOrder,1763850223,911336,171860,25,1
1,NewOrder,1763850223,911705,154879,38,1
2,Payment,1763850223,911750,331318,5,1
1,NewOrder,1763850223,914301,192429,8,1
1,NewOrder,1763850223,919626,197532,47,1
5,StockLevel,1763850223,922410,355719,17,1
5,StockLevel,1763850223,929805,568139,20,1
1,NewOrder,1763850223,930452,237776,3,1
2,Payment,1763850223,930476,128944,34,1
2,Payment,1763850223,930490,204389,39,1
2,Payment,1763850223,940955,143947,16,1
1,NewOrder,1763850223,941016,126419,21,1
1,NewOrder,1763850223,947082,152104,29,1
2,Payment,1763850223,947105,181508,18,1
2,Payment,1763850223,955737,315081,13,1
1,NewOrder,1763850223,956102,150629,2,1
5,StockLevel,1763850223,961470,645476,44,1
2,Payment,1763850223,961596,172676,22,1
1,NewOrder,1763850223,969243,306615,15,1
2,Payment,1763850223,975894,169038,48,1
2,Payment,1763850223,981981,186204,26,1
2,Payment,1763850223,987502,223458,1,1
3,OrderStatus,1763850223,988127,31306,7,1
2,Payment,1763850223,989961,91442,33,1
2,Payment,1763850223,992422,304375,49,1
2,Payment,1763850223,997103,231469,27,1
1,NewOrder,1763850224,003869,289413,23,1
1,NewOrder,1763850224,012563,272345,30,1
1,NewOrder,1763850224,019464,102574,7,1
1,NewOrder,1763850224,025482,125886,32,1
2,Payment,1763850224,032082,365937,45,1
1,NewOrder,1763850224,035730,199264,36,1
1,NewOrder,1763850224,035741,475851,4,1
1,NewOrder,1763850224,035841,410990,9,1
1,NewOrder,1763850224,035926,387549,42,1
2,Payment,1763850224,039605,318176,31,1
1,NewOrder,1763850224,050147,206147,24,1
2,Payment,1763850224,050638,410566,14,1
1,NewOrder,1763850224,059434,392956,35,1
2,Payment,1763850224,059443,340706,34,1
1,NewOrder,1763850224,059465,501888,19,1
1,NewOrder,1763850224,062721,230374,28,1
2,Payment,1763850224,066645,509705,38,1
2,Payment,1763850224,066865,562514,37,1
2,Payment,1763850224,067449,295709,21,1
1,NewOrder,1763850224,067514,574641,46,1
1,NewOrder,1763850224,078931,562483,12,1
1,NewOrder,1763850224,081434,679936,33,1
2,Payment,1763850224,083225,283219,25,1
1,NewOrder,1763850224,084935,178097,16,1
2,Payment,1763850224,099219,316572,29,1
1,NewOrder,1763850224,106761,279081,8,1
1,NewOrder,1763850224,106766,351291,2,1
2,Payment,1763850224,106768,535296,0,1
1,NewOrder,1763850224,106871,236891,43,1
1,NewOrder,1763850224,117191,494053,47,1
4,Delivery,1763850224,122072,153778,7,1
2,Payment,1763850224,128646,516243,18,1
2,Payment,1763850224,134304,323383,22,1
2,Payment,1763850224,134902,539202,39,1
1,NewOrder,1763850224,139121,318578,41,1
1,NewOrder,1763850224,144964,436460,48,1
2,Payment,1763850224,151397,646311,32,1
2,Payment,1763850224,158107,727518,11,1
2,Payment,1763850224,168223,318644,26,1
2,Payment,1763850224,168261,549178,3,1
1,NewOrder,1763850224,172451,210465,6,1
1,NewOrder,1763850224,199464,652548,10,1
1,NewOrder,1763850224,210999,667814,1,1
2,Payment,1763850224,219989,271158,40,1
2,Payment,1763850224,228731,313533,27,1
5,StockLevel,1763850224,235032,170941,36,1
2,Payment,1763850224,243101,234002,5,1
2,Payment,1763850224,256330,237003,24,1
3,OrderStatus,1763850224,263068,162997,16,1
2,Payment,1763850224,270862,668209,13,1
2,Payment,1763850224,275887,230544,7,1
1,NewOrder,1763850224,275890,559888,15,1
1,NewOrder,1763850224,278157,580682,17,1
2,Payment,1763850224,284954,556266,30,1
1,NewOrder,1763850224,293142,446092,28,1
1,NewOrder,1763850224,293316,461501,23,1
3,OrderStatus,1763850224,296824,96174,49,1
2,Payment,1763850224,343810,203437,43,1
3,OrderStatus,1763850224,357829,71051,31,1
1,NewOrder,1763850224,363204,409148,21,1
1,NewOrder,1763850224,366486,457979,25,1
2,Payment,1763850224,382961,212762,6,1
1,NewOrder,1763850224,385882,465000,8,1
1,NewOrder,1763850224,393042,302215,49,1
1,NewOrder,1763850224,398071,325355,45,1
2,Payment,1763850224,400193,478821,34,1
2,Payment,1763850224,406014,318195,36,1
2,Payment,1763850224,415830,448041,29,1
1,NewOrder,1763850224,423516,373804,42,1
2,Payment,1763850224,426106,472749,16,1
1,NewOrder,1763850224,428924,654853,31,1
2,Payment,1763850224,446872,432225,9,1
2,Payment,1763850224,452425,333746,35,1
2,Payment,1763850224,457729,355264,22,1
2,Payment,1763850224,457734,366882,41,1
1,NewOrder,1763850224,458082,449492,2,1
1,NewOrder,1763850224,461244,935854,14,1
2,Payment,1763850224,477159,456181,5,1
1,NewOrder,1763850224,486914,237527,26,1
2,Payment,1763850224,491171,372324,40,1
1,NewOrder,1763850224,493360,406085,24,1
2,Payment,1763850224,498025,546694,20,1
2,Payment,1763850224,506481,448167,7,1
1,NewOrder,1763850224,511623,406665,4,1
5,StockLevel,1763850224,542386,192240,27,1
2,Payment,1763850224,547310,352360,43,1
1,NewOrder,1763850224,561387,251013,19,1
5,StockLevel,1763850224,576402,250307,38,1
1,NewOrder,1763850224,581467,216397,48,1
1,NewOrder,1763850224,595766,545966,6,1
1,NewOrder,1763850224,606991,444970,44,1
2,Payment,1763850224,611274,252175,47,1
2,Payment,1763850224,629784,192951,37,1
1,NewOrder,1763850224,641458,502841,12,1
2,Payment,1763850224,642094,311290,0,1
1,NewOrder,1763850224,642190,481005,46,1
2,Payment,1763850224,644931,331339,18,1
2,Payment,1763850224,674158,191040,39,1
1,NewOrder,1763850224,695292,356667,49,1
4,Delivery,1763850224,717786,423511,3,1
2,Payment,1763850224,723759,426482,45,1
2,Payment,1763850224,724245,175742,36,1
1,NewOrder,1763850224,724468,306006,26,1
5,StockLevel,1763850224,734876,130030,27,1
2,Payment,1763850224,739271,356728,28,1
1,NewOrder,1763850224,754859,201971,23,1
1,NewOrder,1763850224,761472,301743,33,1
1,NewOrder,1763850224,772399,127227,21,1
2,Payment,1763850224,786207,199517,35,1
1,NewOrder,1763850224,797348,285784,42,1
1,NewOrder,1763850224,797733,390005,32,1
2,Payment,1763850224,797882,468304,48,1
2,Payment,1763850224,812436,239681,19,1
2,Payment,1763850224,813015,294100,22,1
1,NewOrder,1763850224,822768,407934,37,1
2,Payment,1763850224,824499,317582,25,1
1,NewOrder,1763850224,824636,272182,41,1
2,Payment,1763850224,826741,444839,38,1
2,Payment,1763850224,835810,308469,15,1
2,Payment,1763850224,841260,394481,30,1
2,Payment,1763850224,850932,457210,8,1
1,NewOrder,1763850224,852040,399895,10,1
1,NewOrder,1763850224,858874,457689,17,1
2,Payment,1763850224,863479,437324,47,1
2,Payment,1763850224,863516,270376,40,1
1,NewOrder,1763850224,863889,428513,29,1
1,NewOrder,1763850224,864932,470910,27,1
2,Payment,1763850224,865218,438233,39,1
1,NewOrder,1763850224,878847,377600,1,1
2,Payment,1763850224,879036,501596,34,1
1,NewOrder,1763850224,879114,240276,9,1
1,NewOrder,1763850224,885716,366901,11,1
4,Delivery,1763850224,898889,385465,16,1
1,NewOrder,1763850224,899466,349373,24,1
1,NewOrder,1763850224,899646,384668,21,1
1,NewOrder,1763850224,899682,403845,43,1
1,NewOrder,1763850224,900003,224767,36,1
2,Payment,1763850224,908370,432904,2,1
2,Payment,1763850224,918319,462388,4,1
1,NewOrder,1763850224,933515,270021,5,1
2,Payment,1763850224,939102,486647,13,1
4,Delivery,1763850224,953417,257583,0,1
1,NewOrder,1763850224,954697,503289,7,1
1,NewOrder,1763850224,956861,295007,23,1
1,NewOrder,1763850224,976302,390216,18,1
1,NewOrder,1763850224,985758,411741,35,1
1,NewOrder,1763850225,030504,206616,26,1
1,NewOrder,1763850225,044822,291079,20,1
1,NewOrder,1763850225,052003,328730,49,1
2,Payment,1763850225,052005,350825,44,1
1,NewOrder,1763850225,052140,251332,19,1
1,NewOrder,1763850225,063256,417191,33,1
1,NewOrder,1763850225,083189,252480,42,1
2,Payment,1763850225,084149,312830,31,1
1,NewOrder,1763850225,096036,181190,28,1
1,NewOrder,1763850225,096845,250490,41,1
1,NewOrder,1763850225,107150,196578,22,1
1,NewOrder,1763850225,119427,271673,9,1
5,StockLevel,1763850225,123237,221016,46,1
2,Payment,1763850225,124807,306617,36,1
2,Payment,1763850225,133925,282801,40,1
1,NewOrder,1763850225,141340,381059,3,1
2,Payment,1763850225,141762,371599,6,1
1,NewOrder,1763850225,142093,193647,25,1
2,Payment,1763850225,144305,238070,15,1
2,Payment,1763850225,144318,378201,12,1
2,Payment,1763850225,150273,272353,45,1
5,StockLevel,1763850225,187780,428833,32,1
1,NewOrder,1763850225,203821,162672,5,1
1,NewOrder,1763850225,211031,251002,0,1
2,Payment,1763850225,230730,227005,37,1
2,Payment,1763850225,235774,277870,30,1
1,NewOrder,1763850225,237155,63601,26,1
1,NewOrder,1763850225,248870,160511,24,1
1,NewOrder,1763850225,251901,170804,23,1
2,Payment,1763850225,251949,291118,10,1
1,NewOrder,1763850225,252638,509899,11,1
1,NewOrder,1763850225,256483,200854,1,1
2,Payment,1763850225,266221,185090,48,1
2,Payment,1763850225,271615,236143,38,1
1,NewOrder,1763850225,277260,104511,28,1
2,Payment,1763850225,284363,112753,16,1
3,OrderStatus,1763850225,284363,65052,21,1
3,OrderStatus,1763850225,292432,44624,29,1
1,NewOrder,1763850225,300785,80982,26,1
1,NewOrder,1763850225,300831,221638,47,1
2,Payment,1763850225,303477,236595,39,1
1,NewOrder,1763850225,303491,180184,19,1
2,Payment,1763850225,303543,132070,43,1
4,Delivery,1763850225,303745,191900,22,1
2,Payment,1763850225,308211,220726,8,1
1,NewOrder,1763850225,316605,154018,17,1
2,Payment,1763850225,335699,154288,42,1
2,Payment,1763850225,335763,100290,25,1
2,Payment,1763850225,335854,73325,27,1
2,Payment,1763850225,335910,107204,20,1
2,Payment,1763850225,337078,176695,29,1
2,Payment,1763850225,341301,205745,2,1
1,NewOrder,1763850225,344283,155954,46,1
1,NewOrder,1763850225,347368,231916,41,1
1,NewOrder,1763850225,349439,202377,21,1
2,Payment,1763850225,366523,203884,5,1
2,Payment,1763850225,366537,146703,18,1
2,Payment,1763850225,380676,155073,34,1
2,Payment,1763850225,380719,224583,4,1
1,NewOrder,1763850225,380746,216083,49,1
1,NewOrder,1763850225,381791,293951,26,1
2,Payment,1763850225,382395,153309,15,1
2,Payment,1763850225,382447,164563,28,1
1,NewOrder,1763850225,391132,643805,9,1
4,Delivery,1763850225,397022,189593,31,1
2,Payment,1763850225,397130,413894,14,1
4,Delivery,1763850225,397134,82679,16,1
3,OrderStatus,1763850225,397513,4631,35,1
5,StockLevel,1763850225,402174,220227,35,1
2,Payment,1763850225,402852,213177,44,1
2,Payment,1763850225,409210,315167,27,1
1,NewOrder,1763850225,409404,90791,24,1
1,NewOrder,1763850225,416758,169886,40,1
1,NewOrder,1763850225,422713,129514,45,1
3,OrderStatus,1763850225,422720,9283,23,1
2,Payment,1763850225,425775,481530,13,1
2,Payment,1763850225,431451,128887,36,1
1,NewOrder,1763850225,432028,417358,23,1
2,Payment,1763850225,435642,226177,43,1
3,OrderStatus,1763850225,436076,76461,25,1
2,Payment,1763850225,443158,159592,20,1
2,Payment,1763850225,451341,169391,48,1
1,NewOrder,1763850225,457367,327591,1,1
2,Payment,1763850225,457745,145362,37,1
1,NewOrder,1763850225,458006,258984,7,1
5,StockLevel,1763850225,462111,344400,0,1
1,NewOrder,1763850225,470650,271749,17,1
5,StockLevel,1763850225,479842,290056,16,1
1,NewOrder,1763850225,480473,247366,33,1
2,Payment,1763850225,483703,302129,19,1
4,Delivery,1763850225,490017,228672,42,1
1,NewOrder,1763850225,495694,214474,22,1
1,NewOrder,1763850225,500229,310603,24,1
1,NewOrder,1763850225,500259,310664,46,1
1,NewOrder,1763850225,507789,278162,38,1
1,NewOrder,1763850225,512597,138520,25,1
1,NewOrder,1763850225,513385,203571,6,1
1,NewOrder,1763850225,513417,83455,18,1
2,Payment,1763850225,513691,230541,30,1
1,NewOrder,1763850225,513786,176043,29,1
2,Payment,1763850225,522431,331137,3,1
2,Payment,1763850225,522491,343498,47,1
4,Delivery,1763850225,522531,293688,12,1
2,Payment,1763850225,528967,585058,8,1
1,NewOrder,1763850225,535736,484771,15,1
3,OrderStatus,1763850225,535770,17694,34,1
2,Payment,1763850225,540098,276121,39,1
2,Payment,1763850225,543096,427215,10,1
5,StockLevel,1763850225,547043,70002,28,1
1,NewOrder,1763850225,547058,246510,2,1
2,Payment,1763850225,551844,347943,21,1
2,Payment,1763850225,552250,364717,45,1
2,Payment,1763850225,553494,223419,34,1
1,NewOrder,1763850225,560368,197861,36,1
2,Payment,1763850225,570545,573144,5,1
1,NewOrder,1763850225,579318,280536,41,1
2,Payment,1763850225,586644,248463,31,1
1,NewOrder,1763850225,586682,308783,40,1
2,Payment,1763850225,596879,380806,49,1
2,Payment,1763850225,596897,497924,18,1
1,NewOrder,1763850225,602779,402355,20,1
1,NewOrder,1763850225,603134,470610,37,1
1,NewOrder,1763850225,605336,443805,4,1
1,NewOrder,1763850225,616059,183211,44,1
1,NewOrder,1763850225,616633,479098,32,1
2,Payment,1763850225,617064,149394,28,1
2,Payment,1763850225,620764,473850,48,1
2,Payment,1763850225,622426,494285,35,1
2,Payment,1763850225,651146,150830,25,1
1,NewOrder,1763850225,661849,233994,43,1
2,Payment,1763850225,675771,155139,26,1
5,StockLevel,1763850225,689862,207454,29,1
2,Payment,1763850225,710199,433467,22,1
1,NewOrder,1763850225,716988,597491,6,1
1,NewOrder,1763850225,717013,627896,7,1
2,Payment,1763850225,718718,226209,42,1
2,Payment,1763850225,724408,223617,27,1
2,Payment,1763850225,727987,414301,33,1
2,Payment,1763850225,742433,399974,17,1
1,NewOrder,1763850225,744264,212457,30,1
4,Delivery,1763850225,758261,145459,36,1
2,Payment,1763850225,762562,272303,11,1
2,Payment,1763850225,766491,227472,28,1
1,NewOrder,1763850225,769934,198947,16,1
5,StockLevel,1763850225,776941,330067,34,1
1,NewOrder,1763850225,784990,375500,1,1
2,Payment,1763850225,785972,367311,38,1
1,NewOrder,1763850225,785974,545508,19,1
2,Payment,1763850225,793602,440745,2,1
2,Payment,1763850225,799303,194660,44,1
1,NewOrder,1763850225,802015,404775,25,1
1,NewOrder,1763850225,806545,266894,0,1
1,NewOrder,1763850225,810867,305838,24,1
2,Payment,1763850225,810944,326983,46,1
2,Payment,1763850225,811030,284323,14,1
1,NewOrder,1763850225,816253,487952,39,1
1,NewOrder,1763850225,816253,419495,12,1
2,Payment,1763850225,830954,423498,26,1
1,NewOrder,1763850225,835139,470809,31,1
2,Payment,1763850225,849421,359112,23,1
1,NewOrder,1763850225,853601,573401,3,1
1,NewOrder,1763850225,859884,357672,41,1
1,NewOrder,1763850225,866221,416584,47,1
2,Payment,1763850225,895498,387522,40,1
2,Payment,1763850225,895861,435623,43,1
2,Payment,1763850225,897339,412382,29,1
1,NewOrder,1763850225,899818,418991,21,1
2,Payment,1763850225,903750,452182,36,1
2,Payment,1763850225,907342,468466,13,1
1,NewOrder,1763850225,917000,478689,45,1
2,Payment,1763850225,944990,417064,42,1
2,Payment,1763850225,948057,437158,27,1
1,NewOrder,1763850225,956754,391321,30,1
1,NewOrder,1763850225,968915,397345,16,1
1,NewOrder,1763850225,970345,377863,10,1
1,NewOrder,1763850225,977719,436873,49,1
2,Payment,1763850225,993992,444239,28,1
1,NewOrder,1763850225,993993,468000,44,1
2,Payment,1763850226,005175,353747,20,1
1,NewOrder,1763850226,020557,263176,15,1
1,NewOrder,1763850226,034941,270481,11,1
1,NewOrder,1763850226,034974,297658,9,1
1,NewOrder,1763850226,049513,326943,4,1
1,NewOrder,1763850226,074397,230042,37,1
1,NewOrder,1763850226,074988,373440,0,1
1,NewOrder,1763850226,094649,185286,48,1
1,NewOrder,1763850226,094840,237948,18,1
1,NewOrder,1763850226,095558,465354,14,1
1,NewOrder,1763850226,095752,163466,32,1
2,Payment,1763850226,107037,278454,34,1
2,Payment,1763850226,114074,263077,8,1
2,Payment,1763850226,116737,296994,24,1
5,StockLevel,1763850226,116740,13704,35,1
2,Payment,1763850226,130480,263862,35,1
2,Payment,1763850226,138363,335526,46,1
2,Payment,1763850226,142318,330613,33,1
1,NewOrder,1763850226,142429,141291,17,1
2,Payment,1763850226,143701,342384,22,1
2,Payment,1763850226,143703,270120,5,1
2,Payment,1763850226,153317,283988,38,1
2,Payment,1763850226,160523,340408,1,1
2,Payment,1763850226,206822,295094,25,1
2,Payment,1763850226,208564,334475,23,1
2,Payment,1763850226,217583,334152,41,1
4,Delivery,1763850226,234378,408182,2,1
2,Payment,1763850226,235775,431557,12,1
2,Payment,1763850226,254498,297201,26,1
1,NewOrder,1763850226,259248,429359,32,1
3,OrderStatus,1763850226,279970,40759,48,1
2,Payment,1763850226,282838,253303,47,1
2,Payment,1763850226,283037,336215,40,1
2,Payment,1763850226,283736,189552,17,1
2,Payment,1763850226,283749,141770,15,1
1,NewOrder,1763850226,304259,289491,39,1
1,NewOrder,1763850226,304447,382143,37,1
2,Payment,1763850226,305450,399903,11,1
1,NewOrder,1763850226,305967,279670,31,1
3,OrderStatus,1763850226,309758,38086,29,1
2,Payment,1763850226,314511,168932,6,1
1,NewOrder,1763850226,318840,421076,21,1
1,NewOrder,1763850226,320789,424026,48,1
2,Payment,1763850226,331554,181929,19,1
1,NewOrder,1763850226,331573,195979,43,1
2,Payment,1763850226,332675,193459,9,1
1,NewOrder,1763850226,332802,381481,18,1
5,StockLevel,1763850226,344942,186641,7,1
2,Payment,1763850226,347875,324899,29,1
1,NewOrder,1763850226,348096,241729,30,1
1,NewOrder,1763850226,348229,203584,10,1
1,NewOrder,1763850226,357014,285679,36,1
1,NewOrder,1763850226,358991,360312,20,1
1,NewOrder,1763850226,362087,383149,42,1
2,Payment,1763850226,366294,475216,16,1
2,Payment,1763850226,375844,401599,13,1
2,Payment,1763850226,376488,149480,4,1
1,NewOrder,1763850226,377170,260647,8,1
2,Payment,1763850226,385246,309503,27,1
1,NewOrder,1763850226,385510,390096,34,1
2,Payment,1763850226,394371,361083,35,1
1,NewOrder,1763850226,395718,290632,45,1
1,NewOrder,1763850226,413760,246305,24,1
4,Delivery,1763850226,413828,112191,5,1
2,Payment,1763850226,414619,382870,49,1
2,Payment,1763850226,425573,467242,15,1
2,Payment,1763850226,427032,124651,3,1
1,NewOrder,1763850226,437370,455326,38,1
1,NewOrder,1763850226,438258,367798,28,1
1,NewOrder,1763850226,448458,238044,0,1
2,Payment,1763850226,462026,359156,44,1
4,Delivery,1763850226,472963,405446,33,1
2,Payment,1763850226,473308,447786,17,1
2,Payment,1763850226,473908,370420,46,1
1,NewOrder,1763850226,483477,202884,6,1
2,Payment,1763850226,486117,320609,22,1
3,OrderStatus,1763850226,500963,38447,1,1
2,Payment,1763850226,501945,325983,25,1
1,NewOrder,1763850226,513525,535410,19,1
2,Payment,1763850226,525999,203575,4,1
2,Payment,1763850226,526047,279684,5,1
2,Payment,1763850226,526150,186948,9,1
1,NewOrder,1763850226,527590,205141,43,1
1,NewOrder,1763850226,531613,375235,7,1
5,StockLevel,1763850226,536169,324196,47,1
2,Payment,1763850226,539439,257940,1,1
1,NewOrder,1763850226,543069,406410,23,1
2,Payment,1763850226,551715,303210,3,1
3,OrderStatus,1763850226,551723,91476,26,1
1,NewOrder,1763850226,551751,225692,41,1
1,NewOrder,1763850226,551827,411026,10,1
2,Payment,1763850226,560940,265632,14,1
1,NewOrder,1763850226,585685,408158,31,1
2,Payment,1763850226,589859,302380,30,1
1,NewOrder,1763850226,593780,313137,39,1
1,NewOrder,1763850226,619286,344314,40,1
2,Payment,1763850226,637849,311679,8,1
2,Payment,1763850226,642592,271047,2,1
1,NewOrder,1763850226,642744,250984,36,1
2,Payment,1763850226,643213,248855,26,1
5,StockLevel,1763850226,660110,303410,24,1
1,NewOrder,1763850226,667364,229928,12,1
2,Payment,1763850226,672804,240197,29,1
2,Payment,1763850226,686384,217542,45,1
2,Payment,1763850226,686384,322166,6,1
1,NewOrder,1763850226,686515,299172,0,1
2,Payment,1763850226,686599,263089,37,1
2,Payment,1763850226,688634,369789,32,1
1,NewOrder,1763850226,694778,275711,27,1
1,NewOrder,1763850226,705385,244509,11,1
2,Payment,1763850226,713131,333600,9,1
1,NewOrder,1763850226,714311,271313,18,1
2,Payment,1763850226,719341,270397,20,1
2,Payment,1763850226,729610,325539,4,1
1,NewOrder,1763850226,732764,160096,43,1
4,Delivery,1763850226,739948,217335,21,1
5,StockLevel,1763850226,744846,248260,48,1
2,Payment,1763850226,745257,248678,42,1
2,Payment,1763850226,755488,222599,35,1
1,NewOrder,1763850226,775636,187449,34,1
1,NewOrder,1763850226,777477,148972,41,1
2,Payment,1763850226,777479,211946,13,1
2,Payment,1763850226,797412,337284,1,1
2,Payment,1763850226,797503,180275,49,1
1,NewOrder,1763850226,805763,482668,5,1
3,OrderStatus,1763850226,806074,25939,28,1
1,NewOrder,1763850226,806747,458067,22,1
2,Payment,1763850226,821217,319348,44,1
1,NewOrder,1763850226,826605,520721,14,1
1,NewOrder,1763850226,827959,230476,25,1
2,Payment,1763850226,832047,279896,28,1
2,Payment,1763850226,841546,357387,16,1
1,NewOrder,1763850226,844361,449197,46,1
1,NewOrder,1763850226,854961,152612,3,1
1,NewOrder,1763850226,860401,433128,47,1
1,NewOrder,1763850226,878443,305727,33,1
2,Payment,1763850226,892100,264521,26,1
2,Payment,1763850226,892245,949814,30,1
2,Payment,1763850226,892713,106816,38,1
1,NewOrder,1763850226,892837,268733,15,1
2,Payment,1763850226,892872,335316,43,1
2,Payment,1763850226,893748,137945,36,1
5,StockLevel,1763850226,897324,354483,12,1
2,Payment,1763850226,903970,447648,45,1
1,NewOrder,1763850226,906880,434435,7,1
2,Payment,1763850226,906941,201245,39,1
2,Payment,1763850226,913031,326882,29,1
1,NewOrder,1763850226,913679,550755,2,1
1,NewOrder,1763850226,921128,595330,17,1
2,Payment,1763850226,926495,344549,41,1
1,NewOrder,1763850226,949515,239533,23,1
2,Payment,1763850226,949551,610895,8,1
1,NewOrder,1763850226,949708,494424,37,1
1,NewOrder,1763850226,949913,137310,11,1
5,StockLevel,1763850226,957318,634167,21,1
2,Payment,1763850226,962884,452457,10,1
5,StockLevel,1763850226,963103,428010,34,1
4,Delivery,1763850226,963536,734472,24,1
4,Delivery,1763850226,963612,59694,40,1
1,NewOrder,1763850226,970514,438132,27,1
1,NewOrder,1763850226,977810,673665,49,1
1,NewOrder,1763850226,978106,490479,35,1
2,Payment,1763850226,985708,733344,18,1
4,Delivery,1763850226,985712,72823,0,1
1,NewOrder,1763850226,989457,683951,13,1
1,NewOrder,1763850226,989757,936353,20,1
5,StockLevel,1763850226,993138,344201,48,1
1,NewOrder,1763850226,993864,795774,31,1
1,NewOrder,1763850226,994221,474376,42,1
1,NewOrder,1763850226,999557,428740,38,1
2,Payment,1763850227,007605,564908,3,1
1,NewOrder,1763850227,008575,452225,6,1
1,NewOrder,1763850227,023463,654940,40,1
2,Payment,1763850227,031723,532098,36,1
2,Payment,1763850227,046761,552109,9,1
1,NewOrder,1763850227,048972,626822,19,1
4,Delivery,1763850227,055186,704623,4,1
5,StockLevel,1763850227,058452,397284,25,1
1,NewOrder,1763850227,058452,957129,32,1
2,Payment,1763850227,058542,583782,0,1
1,NewOrder,1763850227,087297,648410,11,1
1,NewOrder,1763850227,108234,650744,39,1
1,NewOrder,1763850227,111976,613401,28,1
1,NewOrder,1763850227,134729,799610,1,1
1,NewOrder,1763850227,140595,328018,44,1
2,Payment,1763850227,156660,590339,26,1
1,NewOrder,1763850227,161615,392668,15,1
2,Payment,1763850227,184203,885140,33,1
2,Payment,1763850227,189083,778070,23,1
2,Payment,1763850227,198969,559388,16,1
1,NewOrder,1763850227,228222,325901,43,1
1,NewOrder,1763850227,239945,642689,29,1
1,NewOrder,1763850227,251840,460113,12,1
2,Payment,1763850227,264846,741124,22,1
2,Payment,1763850227,271081,456334,41,1
2,Payment,1763850227,288465,388055,5,1
2,Payment,1763850227,293561,398643,47,1
2,Payment,1763850227,293572,440766,46,1
2,Payment,1763850227,337369,429544,48,1
2,Payment,1763850227,341363,364767,7,1
4,Delivery,1763850227,347358,484654,14,1
2,Payment,1763850227,351648,451884,45,1
1,NewOrder,1763850227,391142,638415,34,1
2,Payment,1763850227,408692,627739,27,1
2,Payment,1763850227,415372,354625,10,1
2,Payment,1763850227,428331,379672,38,1
1,NewOrder,1763850227,444162,323119,37,1
1,NewOrder,1763850227,455767,508603,25,1
1,NewOrder,1763850227,461676,395755,6,1
2,Payment,1763850227,464465,501177,2,1
2,Payment,1763850227,468617,342836,42,1
2,Payment,1763850227,468617,410958,35,1
2,Payment,1763850227,468629,301714,44,1
3,OrderStatus,1763850227,516488,58495,17,1
4,Delivery,1763850227,554152,513756,43,1
2,Payment,1763850227,554289,232010,15,1
2,Payment,1763850227,560475,366266,8,1
4,Delivery,1763850227,563850,206583,36,1
2,Payment,1763850227,577031,442340,3,1
2,Payment,1763850227,577735,270912,17,1
2,Payment,1763850227,591517,476453,21,1
2,Payment,1763850227,598937,397799,9,1
2,Payment,1763850227,645054,411332,0,1
1,NewOrder,1763850227,651505,363833,49,1
1,NewOrder,1763850227,673473,323881,13,1
1,NewOrder,1763850227,675824,343300,19,1
2,Payment,1763850227,676546,359862,5,1
4,Delivery,1763850227,678433,590774,40,1
2,Payment,1763850227,692235,440662,47,1
3,OrderStatus,1763850227,698041,26073,24,1
2,Payment,1763850227,706164,513072,7,1
1,NewOrder,1763850227,711984,240071,12,1
1,NewOrder,1763850227,719088,916216,18,1
1,NewOrder,1763850227,724146,1241242,24,1
2,Payment,1763850227,725410,361470,28,1
1,NewOrder,1763850227,727450,1407509,41,1
1,NewOrder,1763850227,734372,315750,46,1
1,NewOrder,1763850227,735736,334312,11,1
4,Delivery,1763850227,747031,179848,26,1
2,Payment,1763850227,758421,1489630,16,1
3,OrderStatus,1763850227,759006,12075,39,1
2,Payment,1763850227,759844,1856930,4,1
4,Delivery,1763850227,766943,369695,48,1
1,NewOrder,1763850227,767301,555499,37,1
1,NewOrder,1763850227,770029,156685,10,1
1,NewOrder,1763850227,770365,1363550,44,1
2,Payment,1763850227,770454,1309330,36,1
2,Payment,1763850227,771095,133219,39,1
1,NewOrder,1763850227,786332,282396,15,1
2,Payment,1763850227,789683,425513,31,1
2,Payment,1763850227,803563,414866,45,1
3,OrderStatus,1763850227,808038,76537,38,1
1,NewOrder,1763850227,811486,1153908,42,1
4,Delivery,1763850227,832042,257311,14,1
2,Payment,1763850227,842093,1122940,30,1
3,OrderStatus,1763850227,848693,40217,17,1
1,NewOrder,1763850227,857463,777979,6,1
1,NewOrder,1763850227,879613,159115,35,1
5,StockLevel,1763850227,882678,1303480,29,1
1,NewOrder,1763850227,884604,280492,38,1
2,Payment,1763850227,888938,2254309,17,1
1,NewOrder,1763850227,904349,3359552,39,1
1,NewOrder,1763850227,926143,709431,20,1
1,NewOrder,1763850227,926736,557695,10,1
2,Payment,1763850227,926764,1375071,8,1
2,Payment,1763850227,926895,262482,26,1
1,NewOrder,1763850227,934371,2215266,1,1
1,NewOrder,1763850227,952453,136923,12,1
1,NewOrder,1763850227,964402,1648512,25,1
2,Payment,1763850227,965698,3394229,2,1
1,NewOrder,1763850227,967179,1166761,23,1
2,Payment,1763850227,996768,2147956,9,1
1,NewOrder,1763850227,997433,217937,13,1
1,NewOrder,1763850228,006003,576920,22,1
2,Payment,1763850228,015367,1119406,49,1
5,StockLevel,1763850228,015603,34291,32,1
2,Payment,1763850228,019154,2657042,19,1
1,NewOrder,1763850228,019395,2126212,3,1
2,Payment,1763850228,029589,1213896,34,1
2,Payment,1763850228,036441,3428727,5,1
1,NewOrder,1763850228,036453,598835,27,1
1,NewOrder,1763850228,038755,2110205,35,1
1,NewOrder,1763850228,049940,2095002,32,1
2,Payment,1763850228,050145,1198280,46,1
5,StockLevel,1763850228,056435,3923520,0,1
2,Payment,1763850228,067937,1546678,43,1
2,Payment,1763850228,067994,1179872,21,1
1,NewOrder,1763850228,068750,3802559,15,1
2,Payment,1763850228,069364,2748785,33,1
2,Payment,1763850228,070097,784425,11,1
1,NewOrder,1763850228,086921,1102156,28,1
1,NewOrder,1763850228,089404,2199991,12,1
2,Payment,1763850228,089408,1212463,14,1
1,NewOrder,1763850228,132926,2011970,47,1
4,Delivery,1763850228,136691,829367,48,1
2,Payment,1763850228,165129,3408560,38,1
4,Delivery,1763850228,189410,776315,26,1
1,NewOrder,1763850228,215243,1929985,31,1
1,NewOrder,1763850228,215394,1929331,13,1
5,StockLevel,1763850228,218460,3865275,45,1
1,NewOrder,1763850228,219259,3593630,7,1
2,Payment,1763850228,269246,1876671,40,1
2,Payment,1763850228,322835,3400108,37,1
4,Delivery,1763850228,484465,480927,10,1
1,NewOrder,1763850228,582954,1561769,22,1
2,Payment,1763850228,635325,1513759,27,1
1,NewOrder,1763850228,635331,2801989,18,1
5,StockLevel,1763850228,635459,3333982,6,1
3,OrderStatus,1763850228,635585,555898,20,1
2,Payment,1763850228,855032,2529221,11,1
2,Payment,1763850228,965077,2663370,30,1
2,Payment,1763850228,965419,2499749,10,1
1,NewOrder,1763850228,965421,1179498,24,1
4,Delivery,1763850228,965429,1179537,42,1
1,NewOrder,1763850228,965747,2196642,26,1
1,NewOrder,1763850228,966070,1179373,48,1
1,NewOrder,1763850229,079838,3361930,36,1
2,Payment,1763850229,133945,1784773,44,1
2,Payment,1763850229,133964,1542137,23,1
2,Payment,1763850229,134796,1445633,49,1
5,StockLevel,1763850229,134971,2832891,41,1
2,Payment,1763850229,186189,2783642,29,1
1,NewOrder,1763850229,189104,2746087,28,1
5,StockLevel,1763850229,192095,2935192,20,1
1,NewOrder,1763850229,243520,2600586,34,1
1,NewOrder,1763850229,247901,2508263,21,1
2,Payment,1763850229,248076,2739142,16,1
1,NewOrder,1763850229,248441,2508040,46,1
1,NewOrder,1763850229,301864,2480385,8,1
1,NewOrder,1763850229,301891,2690903,14,1
1,NewOrder,1763850229,612970,1771829,25,1
2,Payment,1763850229,614693,1769618,43,1
4,Delivery,1763850229,616821,2523561,4,1
1,NewOrder,1763850230,143283,1241014,17,1
1,NewOrder,1763850230,144755,1812161,9,1
1,NewOrder,1763850230,144755,1759931,13,1
2,Payment,1763850230,144756,1830861,22,1
2,Payment,1763850230,144909,1750223,47,1
3,OrderStatus,1763850230,144935,6576,24,1
1,NewOrder,1763850230,144954,1842260,32,1
2,Payment,1763850230,144976,1513802,42,1
1,NewOrder,1763850230,145242,2075359,31,1
2,Payment,1763850230,145455,1816122,48,1
5,StockLevel,1763850230,145623,1983763,3,1
2,Payment,1763850230,145930,1294990,40,1
5,StockLevel,1763850230,148990,1978622,35,1
2,Payment,1763850230,149093,1878448,27,1
3,OrderStatus,1763850230,149649,1209375,1,1
2,Payment,1763850230,151535,1986929,24,1
2,Payment,1763850230,289465,1807997,12,1
2,Payment,1763850230,580474,1513988,49,1
2,Payment,1763850230,676184,1485631,23,1
1,NewOrder,1763850230,676221,1480871,19,1
4,Delivery,1763850230,818182,1255745,33,1
2,Payment,1763850230,918758,976449,44,1
2,Payment,1763850231,162421,897611,26,1
4,Delivery,1763850231,263936,928297,39,1
2,Payment,1763850231,359053,396823,1,1
1,NewOrder,1763850231,359948,905497,2,1
1,NewOrder,1763850231,384294,597036,11,1
1,NewOrder,1763850231,384332,695157,17,1
1,NewOrder,1763850231,384480,772803,43,1
1,NewOrder,1763850231,384832,880637,25,1
2,Payment,1763850231,437357,843346,18,1
1,NewOrder,1763850231,440974,565806,40,1
2,Payment,1763850231,465210,673701,5,1
2,Payment,1763850231,465267,673676,10,1
1,NewOrder,1763850231,573740,457029,38,1
1,NewOrder,1763850231,628498,667896,30,1
1,NewOrder,1763850231,658821,502358,42,1
2,Payment,1763850231,722977,763385,37,1
1,NewOrder,1763850231,755909,550895,1,1
2,Payment,1763850231,756197,472121,21,1
4,Delivery,1763850231,756510,156999,46,1
2,Payment,1763850231,782282,388266,8,1
1,NewOrder,1763850231,812920,568309,7,1
1,NewOrder,1763850231,844159,638664,34,1
1,NewOrder,1763850231,871347,377477,15,1
2,Payment,1763850231,895169,261500,47,1
2,Payment,1763850231,895235,307296,44,1
2,Payment,1763850231,904719,287237,13,1
1,NewOrder,1763850231,913538,447801,46,1
2,Payment,1763850231,935227,357372,28,1
1,NewOrder,1763850231,956946,352879,9,1
2,Payment,1763850231,961644,462731,48,1
2,Payment,1763850231,967896,282049,41,1
2,Payment,1763850231,969466,456558,6,1
1,NewOrder,1763850231,969852,204485,29,1
4,Delivery,1763850231,975649,331477,22,1
1,NewOrder,1763850231,979986,247786,0,1
2,Payment,1763850231,981355,246710,11,1
2,Payment,1763850231,987243,344214,16,1
2,Payment,1763850231,987244,558219,32,1
2,Payment,1763850231,992822,299240,14,1
1,NewOrder,1763850232,006812,405762,40,1
2,Payment,1763850232,027575,315118,27,1
1,NewOrder,1763850232,030798,572665,38,1
1,NewOrder,1763850232,060165,677750,26,1
1,NewOrder,1763850232,073959,640665,33,1
2,Payment,1763850232,079532,301174,17,1
2,Payment,1763850232,083931,402116,45,1
2,Payment,1763850232,094490,420748,49,1
1,NewOrder,1763850232,097490,480621,12,1
1,NewOrder,1763850232,127315,300742,20,1
5,StockLevel,1763850232,127621,17242,35,1
1,NewOrder,1763850232,129418,194125,3,1
2,Payment,1763850232,138504,336268,24,1
3,OrderStatus,1763850232,138935,16743,5,1
1,NewOrder,1763850232,138957,347067,10,1
2,Payment,1763850232,140403,230548,4,1
1,NewOrder,1763850232,144896,484397,35,1
2,Payment,1763850232,155709,330327,5,1
4,Delivery,1763850232,156699,269196,47,1
5,StockLevel,1763850232,157107,344487,19,1
1,NewOrder,1763850232,157303,222907,43,1
2,Payment,1763850232,161211,408781,42,1
2,Payment,1763850232,161879,369770,23,1
2,Payment,1763850232,170584,396740,8,1
5,StockLevel,1763850232,174365,407113,29,1
5,StockLevel,1763850232,192270,263943,39,1
3,OrderStatus,1763850232,192283,38866,13,1
1,NewOrder,1763850232,202574,278156,44,1
2,Payment,1763850232,220642,541142,31,1
2,Payment,1763850232,227929,218373,0,1
1,NewOrder,1763850232,228079,333929,11,1
1,NewOrder,1763850232,228350,416575,21,1
1,NewOrder,1763850232,231241,300546,13,1
1,NewOrder,1763850232,248882,355150,15,1
2,Payment,1763850232,249971,339291,41,1
4,Delivery,1763850232,265480,234813,2,1
1,NewOrder,1763850232,265480,264299,25,1
2,Payment,1763850232,280734,416663,18,1
2,Payment,1763850232,292093,314139,14,1
1,NewOrder,1763850232,292624,193157,28,1
1,NewOrder,1763850232,296425,347509,30,1
1,NewOrder,1763850232,306840,349304,1,1
2,Payment,1763850232,307197,483428,22,1
2,Payment,1763850232,309855,296113,9,1
2,Payment,1763850232,323582,372767,3,1
1,NewOrder,1763850232,331487,274440,16,1
1,NewOrder,1763850232,342731,208251,27,1
2,Payment,1763850232,361370,208576,46,1
2,Payment,1763850232,370989,389838,4,1
2,Payment,1763850232,380248,241760,43,1
1,NewOrder,1763850232,380730,498987,17,1
2,Payment,1763850232,381253,315361,7,1
1,NewOrder,1763850232,412605,403320,40,1
2,Payment,1763850232,424407,181803,48,1
1,NewOrder,1763850232,425920,451288,47,1
1,NewOrder,1763850232,426049,367942,6,1
2,Payment,1763850232,428089,404168,20,1
1,NewOrder,1763850232,441806,164631,36,1
1,NewOrder,1763850232,446338,431812,0,1
1,NewOrder,1763850232,456255,157468,39,1
1,NewOrder,1763850232,474821,282147,24,1
2,Payment,1763850232,480874,398829,44,1
2,Payment,1763850232,482861,394350,34,1
2,Payment,1763850232,485822,285901,28,1
2,Payment,1763850232,486047,211268,10,1
2,Payment,1763850232,486077,334054,5,1
2,Payment,1763850232,486077,472134,45,1
2,Payment,1763850232,486383,210334,37,1
1,NewOrder,1763850232,500354,377367,2,1
1,NewOrder,1763850232,501620,368078,19,1
2,Payment,1763850232,515272,466354,49,1
2,Payment,1763850232,529812,273801,25,1
1,NewOrder,1763850232,531687,444594,23,1
1,NewOrder,1763850232,531809,396687,13,1
2,Payment,1763850232,545494,375447,32,1
1,NewOrder,1763850232,551013,384618,27,1
1,NewOrder,1763850232,562053,339649,11,1
2,Payment,1763850232,567358,281710,8,1
1,NewOrder,1763850232,570009,191133,46,1
5,StockLevel,1763850232,570014,107539,42,1
1,NewOrder,1763850232,578141,247685,12,1
2,Payment,1763850232,581512,420933,29,1
1,NewOrder,1763850232,589298,187764,41,1
1,NewOrder,1763850232,603492,272989,38,1
2,Payment,1763850232,604059,440038,15,1
2,Payment,1763850232,605961,395110,16,1
2,Payment,1763850232,605992,305727,9,1
1,NewOrder,1763850232,606231,460581,48,1
2,Payment,1763850232,606245,359808,14,1
2,Payment,1763850232,606449,140776,36,1
2,Payment,1763850232,613787,298056,39,1
2,Payment,1763850232,622049,289109,43,1
2,Payment,1763850232,629335,315817,35,1
1,NewOrder,1763850232,643966,353007,30,1
1,NewOrder,1763850232,644952,294884,21,1
1,NewOrder,1763850232,656186,220253,1,1
1,NewOrder,1763850232,677590,312057,42,1
2,Payment,1763850232,696385,223601,3,1
3,OrderStatus,1763850232,696635,31477,7,1
2,Payment,1763850232,696740,272313,37,1
5,StockLevel,1763850232,697336,65456,10,1
1,NewOrder,1763850232,697418,499296,18,1
2,Payment,1763850232,714677,313052,33,1
1,NewOrder,1763850232,728146,341783,7,1
1,NewOrder,1763850232,737949,167903,26,1
2,Payment,1763850232,747254,254507,36,1
4,Delivery,1763850232,757000,301350,24,1
1,NewOrder,1763850232,760857,266610,4,1
3,OrderStatus,1763850232,761164,18427,46,1
2,Payment,1763850232,761802,302790,31,1
5,StockLevel,1763850232,762817,276168,10,1
2,Payment,1763850232,771802,280871,28,1
2,Payment,1763850232,777088,240171,41,1
1,NewOrder,1763850232,779620,397939,46,1
3,OrderStatus,1763850232,790666,78457,22,1
1,NewOrder,1763850232,794024,264555,6,1
2,Payment,1763850232,803649,324389,25,1
2,Payment,1763850232,815957,228354,40,1
4,Delivery,1763850232,820165,57180,5,1
1,NewOrder,1763850232,825857,327547,12,1
1,NewOrder,1763850232,832289,308661,20,1
3,OrderStatus,1763850232,849130,82985,8,1
1,NewOrder,1763850232,869155,151621,22,1
1,NewOrder,1763850232,869756,278047,19,1
1,NewOrder,1763850232,876474,144567,1,1
2,Payment,1763850232,876505,158640,38,1
2,Payment,1763850232,877233,222810,34,1
1,NewOrder,1763850232,877235,181053,47,1
1,NewOrder,1763850232,877355,110225,5,1
2,Payment,1763850232,877741,186957,2,1
1,NewOrder,1763850232,878170,149528,0,1
2,Payment,1763850232,879731,220295,44,1
1,NewOrder,1763850232,879736,233205,17,1
1,NewOrder,1763850232,901734,150874,11,1
2,Payment,1763850232,905881,251227,26,1
1,NewOrder,1763850232,911187,560352,43,1
1,NewOrder,1763850232,911739,132595,9,1
2,Payment,1763850232,911908,152675,39,1
2,Payment,1763850232,920019,165361,3,1
2,Payment,1763850232,920970,207519,32,1
1,NewOrder,1763850232,929381,174195,13,1
1,NewOrder,1763850232,932151,88643,8,1
2,Payment,1763850232,936212,246579,27,1
2,Payment,1763850232,939868,237623,21,1
2,Payment,1763850232,945184,158716,35,1
2,Payment,1763850232,958245,258249,45,1
1,NewOrder,1763850232,966084,158133,14,1
2,Payment,1763850232,969084,171798,37,1
3,OrderStatus,1763850232,976310,85485,23,1
1,NewOrder,1763850232,981705,314020,49,1
2,Payment,1763850232,987612,133333,5,1
1,NewOrder,1763850232,989692,355930,42,1
1,NewOrder,1763850232,997000,322507,30,1
1,NewOrder,1763850233,001105,90103,16,1
1,NewOrder,1763850233,001786,291683,36,1
2,Payment,1763850233,002469,230176,29,1
3,OrderStatus,1763850233,017288,21890,41,1
1,NewOrder,1763850233,020811,426138,22,1
2,Payment,1763850233,020821,142745,8,1
1,NewOrder,1763850233,021056,207899,1,1
1,NewOrder,1763850233,027499,122439,4,1
1,NewOrder,1763850233,027719,375114,0,1
1,NewOrder,1763850233,027747,410795,33,1
2,Payment,1763850233,035196,533898,38,1
1,NewOrder,1763850233,039018,204397,10,1
5,StockLevel,1763850233,039199,473767,41,1
1,NewOrder,1763850233,044127,64081,15,1
2,Payment,1763850233,044334,490282,40,1
1,NewOrder,1763850233,044352,490397,9,1
1,NewOrder,1763850233,052640,143922,11,1
3,OrderStatus,1763850233,052697,65291,28,1
1,NewOrder,1763850233,058319,346092,47,1
1,NewOrder,1763850233,058371,386546,24,1
1,NewOrder,1763850233,058593,243553,6,1
2,Payment,1763850233,061826,427906,23,1
2,Payment,1763850233,064616,538700,39,1
1,NewOrder,1763850233,064619,381534,31,1
2,Payment,1763850233,064708,563688,2,1
1,NewOrder,1763850233,066835,512401,48,1
2,Payment,1763850233,069961,519421,7,1
1,NewOrder,1763850233,085410,948458,3,1
1,NewOrder,1763850233,091238,80752,16,1
2,Payment,1763850233,100059,478516,44,1
1,NewOrder,1763850233,100060,195348,34,1
3,OrderStatus,1763850233,103610,27833,13,1
1,NewOrder,1763850233,103920,364486,35,1
4,Delivery,1763850233,108236,107495,15,1
1,NewOrder,1763850233,112977,69798,17,1
2,Payment,1763850233,118024,170195,28,1
2,Payment,1763850233,120974,661819,5,1
2,Payment,1763850233,124247,169051,14,1
3,OrderStatus,1763850233,128073,44485,25,1
2,Payment,1763850233,128510,398460,32,1
1,NewOrder,1763850233,131475,387589,13,1
2,Payment,1763850233,140915,749230,37,1
5,StockLevel,1763850233,140972,987664,20,1
2,Payment,1763850233,147832,130465,19,1
5,StockLevel,1763850233,149967,790408,4,1
2,Payment,1763850233,154028,883547,12,1
2,Payment,1763850233,157142,182201,26,1
2,Payment,1763850233,163601,881150,8,1
1,NewOrder,1763850233,172019,291762,16,1
2,Payment,1763850233,172674,239529,25,1
2,Payment,1763850233,177523,408636,21,1
1,NewOrder,1763850233,177581,266543,46,1
2,Payment,1763850233,182806,598001,17,1
1,NewOrder,1763850233,182814,751559,27,1
5,StockLevel,1763850233,196593,199793,11,1
1,NewOrder,1763850233,196734,433313,18,1
1,NewOrder,1763850233,215762,323294,15,1
3,OrderStatus,1763850233,216517,146929,45,1
2,Payment,1763850233,228989,887420,1,1
4,Delivery,1763850233,233023,987036,29,1
1,NewOrder,1763850233,243453,594041,10,1
2,Payment,1763850233,278326,712629,19,1
2,Payment,1763850233,288252,828450,28,1
1,NewOrder,1763850233,293330,982498,14,1
2,Payment,1763850233,293489,772793,36,1
2,Payment,1763850233,295435,298895,34,1
2,Payment,1763850233,295744,638705,49,1
2,Payment,1763850233,302180,813449,6,1
1,NewOrder,1763850233,319539,774852,30,1
5,StockLevel,1763850233,339376,811175,26,1
1,NewOrder,1763850233,345716,688158,42,1
3,OrderStatus,1763850233,363478,55773,45,1
2,Payment,1763850233,396418,921189,11,1
2,Payment,1763850233,402862,765100,0,1
2,Payment,1763850233,404442,669690,47,1
1,NewOrder,1763850233,412237,1054160,25,1
2,Payment,1763850233,419282,730946,45,1
2,Payment,1763850233,438577,804609,33,1
1,NewOrder,1763850233,444155,871740,46,1
1,NewOrder,1763850233,444940,588915,24,1
1,NewOrder,1763850233,446177,751044,31,1
2,Payment,1763850233,446974,668756,22,1
1,NewOrder,1763850233,463824,756305,16,1
2,Payment,1763850233,468457,700447,35,1
1,NewOrder,1763850233,471572,562296,43,1
2,Payment,1763850233,489799,678655,23,1
2,Payment,1763850233,512997,568287,41,1
2,Payment,1763850233,519094,821852,13,1
2,Payment,1763850233,527063,788396,32,1
2,Payment,1763850233,534645,625488,40,1
1,NewOrder,1763850233,534771,737184,9,1
1,NewOrder,1763850233,539083,636089,15,1
2,Payment,1763850233,569125,628845,38,1
1,NewOrder,1763850233,578607,832827,44,1
1,NewOrder,1763850233,579258,775390,48,1
2,Payment,1763850233,586189,630569,21,1
1,NewOrder,1763850233,589414,689002,7,1
1,NewOrder,1763850233,594367,833335,34,1
2,Payment,1763850233,603350,639729,39,1
2,Payment,1763850233,628427,576082,2,1
1,NewOrder,1763850233,630077,543816,18,1
1,NewOrder,1763850233,780844,369607,17,1
1,NewOrder,1763850233,782830,471983,5,1
2,Payment,1763850233,837530,575314,10,1
1,NewOrder,1763850233,890185,623639,37,1
2,Payment,1763850233,934420,593645,27,1
2,Payment,1763850233,934486,476816,49,1
2,Payment,1763850233,940419,319262,4,1
1,NewOrder,1763850233,990996,203977,19,1
1,NewOrder,1763850234,033894,331584,24,1
2,Payment,1763850234,033907,283559,3,1
3,OrderStatus,1763850234,033907,22270,43,1
2,Payment,1763850234,033910,423588,42,1
1,NewOrder,1763850234,037610,476531,12,1
2,Payment,1763850234,044793,282297,8,1
2,Payment,1763850234,056224,502154,43,1
4,Delivery,1763850234,066325,132933,36,1
1,NewOrder,1763850234,074303,260034,47,1
1,NewOrder,1763850234,081335,211123,41,1
1,NewOrder,1763850234,094439,363979,30,1
1,NewOrder,1763850234,115709,441313,6,1
2,Payment,1763850234,115759,295880,22,1
2,Payment,1763850234,116426,281963,1,1
2,Payment,1763850234,116712,462344,28,1
2,Payment,1763850234,128684,315890,20,1
2,Payment,1763850234,150258,290557,45,1
2,Payment,1763850234,150469,126239,17,1
1,NewOrder,1763850234,150575,562749,26,1
2,Payment,1763850234,160379,443591,40,1
2,Payment,1763850234,167995,267218,0,1
2,Payment,1763850234,168484,308018,23,1
5,StockLevel,1763850234,168924,230528,35,1
5,StockLevel,1763850234,173926,387544,18,1
1,NewOrder,1763850234,175197,402938,15,1
1,NewOrder,1763850234,195003,261761,19,1
2,Payment,1763850234,197253,296440,31,1
1,NewOrder,1763850234,197996,213369,38,1
2,Payment,1763850234,199286,350531,36,1
1,NewOrder,1763850234,204539,388110,2,1
1,NewOrder,1763850234,216805,378514,21,1
1,NewOrder,1763850234,220091,531626,29,1
1,NewOrder,1763850234,220153,294358,16,1
1,NewOrder,1763850234,243114,468604,39,1
2,Payment,1763850234,243216,327986,33,1
2,Payment,1763850234,254852,349055,5,1
2,Payment,1763850234,259714,450858,4,1
1,NewOrder,1763850234,271999,163463,9,1
3,OrderStatus,1763850234,275864,67692,14,1
2,Payment,1763850234,276743,331856,17,1
1,NewOrder,1763850234,278443,214495,7,1
1,NewOrder,1763850234,292527,452157,41,1
1,NewOrder,1763850234,315507,396176,32,1
1,NewOrder,1763850234,315914,277496,46,1
4,Delivery,1763850234,317493,404414,3,1
2,Payment,1763850234,317625,393506,11,1
1,NewOrder,1763850234,327121,465275,8,1
2,Payment,1763850234,334371,386785,47,1
1,NewOrder,1763850234,340977,263056,13,1
2,Payment,1763850234,343585,386136,14,1
2,Payment,1763850234,354695,386087,48,1
1,NewOrder,1763850234,365510,264638,24,1
1,NewOrder,1763850234,398420,159997,1,1
2,Payment,1763850234,399482,380100,35,1
1,NewOrder,1763850234,411332,192648,49,1
1,NewOrder,1763850234,411387,312333,38,1
1,NewOrder,1763850234,411446,329381,44,1
1,NewOrder,1763850234,411670,261949,22,1
1,NewOrder,1763850234,412864,396295,10,1
1,NewOrder,1763850234,427728,285424,34,1
2,Payment,1763850234,435247,285967,0,1
1,NewOrder,1763850234,435475,293597,9,1
1,NewOrder,1763850234,440848,448422,45,1
2,Payment,1763850234,444611,266353,20,1
3,OrderStatus,1763850234,456793,87344,19,1
2,Payment,1763850234,457525,383758,42,1
3,OrderStatus,1763850234,458433,46850,30,1
1,NewOrder,1763850234,466428,187983,25,1
1,NewOrder,1763850234,476536,297212,23,1
1,NewOrder,1763850234,492970,228411,7,1
2,Payment,1763850234,493718,258085,31,1
2,Payment,1763850234,505314,333184,30,1
1,NewOrder,1763850234,513854,227077,37,1
2,Payment,1763850234,514150,446914,12,1
1,NewOrder,1763850234,514526,226300,16,1
1,NewOrder,1763850234,528099,207958,27,1
1,NewOrder,1763850234,544168,235364,19,1
1,NewOrder,1763850234,549850,418264,36,1
2,Payment,1763850234,557171,282042,6,1
2,Payment,1763850234,558441,281276,1,1
1,NewOrder,1763850234,558512,130073,43,1
2,Payment,1763850234,561497,277032,18,1
2,Payment,1763850234,571235,327881,33,1
2,Payment,1763850234,578170,299192,15,1
1,NewOrder,1763850234,579086,144089,28,1
1,NewOrder,1763850234,592701,396900,2,1
2,Payment,1763850234,593437,323362,46,1
1,NewOrder,1763850234,595348,261957,21,1
1,NewOrder,1763850234,603936,345879,5,1
2,Payment,1763850234,603992,306288,40,1
5,StockLevel,1763850234,603993,319572,49,1
1,NewOrder,1763850234,604043,239835,13,1
2,Payment,1763850234,608632,294506,17,1
2,Payment,1763850234,630193,291527,24,1
2,Payment,1763850234,654440,177544,25,1
1,NewOrder,1763850234,673663,113523,22,1
2,Payment,1763850234,688619,246699,43,1
2,Payment,1763850234,710604,316703,4,1
1,NewOrder,1763850234,710983,302349,20,1
1,NewOrder,1763850234,711153,185477,11,1
2,Payment,1763850234,711697,233242,32,1
1,NewOrder,1763850234,711738,191443,39,1
5,StockLevel,1763850234,713182,291053,34,1
1,NewOrder,1763850234,713336,249610,26,1
2,Payment,1763850234,721188,228136,47,1
1,NewOrder,1763850234,721228,232846,0,1
2,Payment,1763850234,721405,273822,7,1
2,Payment,1763850234,721926,341820,3,1
2,Payment,1763850234,723207,265637,28,1
1,NewOrder,1763850234,723737,148576,38,1
1,NewOrder,1763850234,729107,232021,9,1
2,Payment,1763850234,729743,264610,14,1
1,NewOrder,1763850234,736091,209783,27,1
2,Payment,1763850234,740814,240366,48,1
3,OrderStatus,1763850234,740850,88958,44,1
2,Payment,1763850234,740850,204108,16,1
2,Payment,1763850234,740948,295811,37,1
3,OrderStatus,1763850234,744714,69753,41,1
1,NewOrder,1763850234,751746,193132,29,1
2,Payment,1763850234,751825,216465,31,1
1,NewOrder,1763850234,773782,307145,23,1
3,OrderStatus,1763850234,779564,17800,19,1
2,Payment,1763850234,779607,287168,35,1
2,Payment,1763850234,787335,321641,22,1
2,Payment,1763850234,792426,249921,8,1
2,Payment,1763850234,797394,170689,19,1
2,Payment,1763850234,809198,229000,10,1
2,Payment,1763850234,814498,146494,41,1
5,StockLevel,1763850234,829841,193036,44,1
4,Delivery,1763850234,832014,70832,25,1
3,OrderStatus,1763850234,838551,74843,30,1
1,NewOrder,1763850234,838555,291132,18,1
2,Payment,1763850234,839234,227135,6,1
2,Payment,1763850234,839737,258025,1,1
1,NewOrder,1763850234,841313,209177,42,1
4,Delivery,1763850234,843911,251696,13,1
1,NewOrder,1763850234,857336,136853,21,1
2,Payment,1763850234,872356,225501,38,1
2,Payment,1763850234,877395,348959,15,1
1,NewOrder,1763850234,889307,250744,45,1
2,Payment,1763850234,896679,189404,11,1
1,NewOrder,1763850234,899147,187079,33,1
2,Payment,1763850234,902900,118226,25,1
2,Payment,1763850234,903160,367358,17,1
1,NewOrder,1763850234,903194,294896,39,1
2,Payment,1763850234,910313,227115,40,1
1,NewOrder,1763850234,913425,201819,30,1
1,NewOrder,1763850234,916830,153458,46,1
2,Payment,1763850234,921756,231216,24,1
1,NewOrder,1763850234,923599,191671,49,1
1,NewOrder,1763850234,935371,160677,43,1
1,NewOrder,1763850234,944914,195526,29,1
1,NewOrder,1763850234,945207,195242,32,1
2,Payment,1763850234,945218,366552,16,1
1,NewOrder,1763850234,945893,319605,27,1
2,Payment,1763850234,949354,260705,47,1
1,NewOrder,1763850234,949837,731648,5,1
1,NewOrder,1763850234,954106,407025,0,1
2,Payment,1763850234,961026,253922,41,1
3,OrderStatus,1763850234,961088,53881,12,1
4,Delivery,1763850234,961141,567484,9,1
1,NewOrder,1763850234,962977,161132,26,1
1,NewOrder,1763850234,968114,512513,19,1
1,NewOrder,1763850234,968134,444616,36,1
1,NewOrder,1763850234,968303,190172,31,1
1,NewOrder,1763850234,981213,412891,48,1
1,NewOrder,1763850234,988877,299917,28,1
1,NewOrder,1763850234,989637,295345,2,1
2,Payment,1763850234,994222,237241,21,1
1,NewOrder,1763850234,994378,277658,14,1
2,Payment,1763850234,995252,768943,7,1
1,NewOrder,1763850235,004699,188889,34,1
1,NewOrder,1763850235,013366,525137,20,1
2,Payment,1763850235,014999,300059,12,1
2,Payment,1763850235,021215,342540,25,1
1,NewOrder,1763850235,022906,374450,44,1
1,NewOrder,1763850235,027340,260831,4,1
3,OrderStatus,1763850235,036793,17599,37,1
2,Payment,1763850235,038232,325527,10,1
4,Delivery,1763850235,042381,798080,8,1
2,Payment,1763850235,050521,413436,42,1
1,NewOrder,1763850235,054482,193853,37,1
2,Payment,1763850235,063778,365864,3,1
1,NewOrder,1763850235,066402,948835,6,1
2,Payment,1763850235,066797,427601,35,1
2,Payment,1763850235,070321,453199,46,1
2,Payment,1763850235,080955,492030,23,1
2,Payment,1763850235,086111,315779,11,1
3,OrderStatus,1763850235,086249,44643,33,1
5,StockLevel,1763850235,095634,509121,13,1
1,NewOrder,1763850235,096073,302020,43,1
1,NewOrder,1763850235,097794,579993,1,1
3,OrderStatus,1763850235,097871,103414,38,1
2,Payment,1763850235,109011,481955,22,1
1,NewOrder,1763850235,115274,266370,30,1
2,Payment,1763850235,115283,467898,49,1
1,NewOrder,1763850235,124141,418169,26,1
1,NewOrder,1763850235,129719,348558,18,1
2,Payment,1763850235,130922,304261,33,1
2,Payment,1763850235,137466,359343,40,1
1,NewOrder,1763850235,140088,313513,45,1
2,Payment,1763850235,140455,474086,29,1
1,NewOrder,1763850235,140462,401998,32,1
1,NewOrder,1763850235,152996,327647,24,1
1,NewOrder,1763850235,158508,437205,31,1
2,Payment,1763850235,193617,430222,34,1
5,StockLevel,1763850235,198117,171140,39,1
2,Payment,1763850235,201318,322729,38,1
2,Payment,1763850235,210090,427393,47,1
2,Payment,1763850235,214978,344271,41,1
1,NewOrder,1763850235,226385,209225,15,1
2,Payment,1763850235,231494,411284,21,1
2,Payment,1763850235,248366,307459,37,1
1,NewOrder,1763850235,265527,245915,27,1
2,Payment,1763850235,270573,249877,17,1
1,NewOrder,1763850235,272081,630223,14,1
2,Payment,1763850235,285012,437002,2,1
1,NewOrder,1763850235,288207,375124,4,1
1,NewOrder,1763850235,288815,289791,28,1
2,Payment,1763850235,311806,248083,16,1
1,NewOrder,1763850235,315094,312413,12,1
2,Payment,1763850235,361161,401015,0,1
1,NewOrder,1763850235,363789,362827,10,1
1,NewOrder,1763850235,363791,400175,25,1
2,Payment,1763850235,369288,214977,39,1
2,Payment,1763850235,382114,299970,30,1
2,Payment,1763850235,394186,301432,48,1
1,NewOrder,1763850235,397390,464477,44,1
1,NewOrder,1763850235,398123,349714,43,1
2,Payment,1763850235,401922,552826,11,1
2,Payment,1763850235,412784,203444,36,1
2,Payment,1763850235,429731,384910,3,1
2,Payment,1763850235,435220,326226,33,1
1,NewOrder,1763850235,435629,282054,15,1
1,NewOrder,1763850235,453633,487996,45,1
1,NewOrder,1763850235,463987,339530,42,1
1,NewOrder,1763850235,478305,424551,18,1
2,Payment,1763850235,480671,463469,19,1
5,StockLevel,1763850235,480673,477428,24,1
1,NewOrder,1763850235,494428,278143,35,1
1,NewOrder,1763850235,496841,331256,40,1
2,Payment,1763850235,511480,404085,27,1
2,Payment,1763850235,520486,472264,17,1
5,StockLevel,1763850235,523551,448721,46,1
5,StockLevel,1763850235,524070,396199,38,1
1,NewOrder,1763850235,528693,453531,9,1
4,Delivery,1763850235,538534,174924,20,1
1,NewOrder,1763850235,542342,249251,26,1
2,Payment,1763850235,542482,285669,32,1
2,Payment,1763850235,555857,287396,37,1
2,Payment,1763850235,559279,372163,41,1
1,NewOrder,1763850235,559908,535875,16,1
2,Payment,1763850235,573016,144823,23,1
1,NewOrder,1763850235,578638,282129,28,1
1,NewOrder,1763850235,583213,474966,49,1
3,OrderStatus,1763850235,584287,84691,39,1
1,NewOrder,1763850235,590995,310748,22,1
2,Payment,1763850235,595748,265423,31,1
1,NewOrder,1763850235,604846,487215,13,1
2,Payment,1763850235,614572,359792,29,1
2,Payment,1763850235,616272,285871,36,1
2,Payment,1763850235,623879,304756,34,1
2,Payment,1763850235,627537,762468,12,1
1,NewOrder,1763850235,637515,327195,47,1
2,Payment,1763850235,642806,322321,21,1
2,Payment,1763850235,663361,210882,4,1
2,Payment,1763850235,669011,341766,39,1
2,Payment,1763850235,677823,290168,1,1
1,NewOrder,1763850235,681519,347309,5,1
5,StockLevel,1763850235,682109,237877,30,1
2,Payment,1763850235,696159,391194,48,1
1,NewOrder,1763850235,713488,503289,20,1
2,Payment,1763850235,717713,456680,15,1
4,Delivery,1763850235,717860,326502,23,1
1,NewOrder,1763850235,722045,424288,2,1
1,NewOrder,1763850235,726648,402814,10,1
1,NewOrder,1763850235,747868,273295,43,1
1,NewOrder,1763850235,761478,300212,33,1
2,Payment,1763850235,762204,458481,0,1
2,Payment,1763850235,763996,255221,25,1
1,NewOrder,1763850235,764209,276000,7,1
3,OrderStatus,1763850235,772605,73119,35,1
1,NewOrder,1763850235,791641,417564,26,1
1,NewOrder,1763850235,803564,277521,42,1
2,Payment,1763850235,814700,459905,3,1
2,Payment,1763850235,828131,284940,40,1
2,Payment,1763850235,828177,317249,32,1
2,Payment,1763850235,840501,221274,8,1
1,NewOrder,1763850235,843389,301984,37,1
1,NewOrder,1763850235,845757,292398,35,1
1,NewOrder,1763850235,860808,280563,28,1
2,Payment,1763850235,861199,314519,31,1
3,OrderStatus,1763850235,861892,28709,44,1
2,Payment,1763850235,874283,443354,4,1
2,Payment,1763850235,890647,250697,44,1
2,Payment,1763850235,901791,349793,22,1
2,Payment,1763850235,902177,426747,36,1
1,NewOrder,1763850235,902338,364557,14,1
1,NewOrder,1763850235,902881,249887,18,1
1,NewOrder,1763850235,915607,160384,27,1
1,NewOrder,1763850235,920024,380297,30,1
1,NewOrder,1763850235,920294,246029,38,1
1,NewOrder,1763850235,928677,402387,34,1
1,NewOrder,1763850235,931472,397077,41,1
1,NewOrder,1763850235,941672,195263,45,1
2,Payment,1763850235,944172,256019,19,1
2,Payment,1763850235,954779,502989,11,1
1,NewOrder,1763850235,958132,405721,24,1
1,NewOrder,1763850235,964743,209172,47,1
2,Payment,1763850235,965137,316604,21,1
3,OrderStatus,1763850235,968022,16490,1,1
1,NewOrder,1763850235,972306,204604,46,1
2,Payment,1763850235,974393,285091,29,1
3,OrderStatus,1763850235,982252,4495,9,1
2,Payment,1763850235,984542,349652,1,1
1,NewOrder,1763850235,986780,154657,9,1
3,OrderStatus,1763850235,992781,9129,17,1
2,Payment,1763850236,001938,219413,17,1
2,Payment,1763850236,010813,353465,39,1
1,NewOrder,1763850236,015282,126130,6,1
1,NewOrder,1763850236,019246,378342,25,1
1,NewOrder,1763850236,027241,290701,43,1
1,NewOrder,1763850236,028855,133311,5,1
2,Payment,1763850236,040243,245825,7,1
2,Payment,1763850236,044398,379126,23,1
1,NewOrder,1763850236,058209,124768,49,1
1,NewOrder,1763850236,061724,267079,33,1
1,NewOrder,1763850236,061800,317803,8,1
1,NewOrder,1763850236,076017,375213,27,1
1,NewOrder,1763850236,081117,185759,42,1
1,NewOrder,1763850236,087387,91835,48,1
1,NewOrder,1763850236,092094,450935,13,1
2,Payment,1763850236,095816,164717,16,1
1,NewOrder,1763850236,113102,118084,40,1
4,Delivery,1763850236,129494,36809,10,1
4,Delivery,1763850236,136959,122779,45,1
2,Payment,1763850236,138181,260311,35,1
2,Payment,1763850236,141375,208661,44,1
2,Payment,1763850236,141394,350068,28,1
1,NewOrder,1763850236,141429,261080,6,1
2,Payment,1763850236,141450,274987,9,1
1,NewOrder,1763850236,145405,334473,37,1
5,StockLevel,1763850236,145478,364719,32,1
1,NewOrder,1763850236,146349,339893,2,1
2,Payment,1763850236,152799,155657,18,1
2,Payment,1763850236,162199,277419,5,1
2,Payment,1763850236,166342,521147,10,1
2,Payment,1763850236,166352,358437,38,1
2,Payment,1763850236,173947,47323,47,1
2,Payment,1763850236,174410,156676,15,1
5,StockLevel,1763850236,175745,326465,31,1
1,NewOrder,1763850236,176939,209231,46,1
2,Payment,1763850236,179255,96219,48,1
5,StockLevel,1763850236,183010,561484,49,1
1,NewOrder,1763850236,200218,197422,19,1
2,Payment,1763850236,209238,314517,26,1
1,NewOrder,1763850236,216820,142930,20,1
1,NewOrder,1763850236,220719,489959,0,1
5,StockLevel,1763850236,221308,281031,47,1
2,Payment,1763850236,221367,245050,17,1
2,Payment,1763850236,231221,158699,40,1
1,NewOrder,1763850236,251664,150905,22,1
1,NewOrder,1763850236,259518,428778,29,1
2,Payment,1763850236,259759,203611,45,1
2,Payment,1763850236,260557,226239,16,1
1,NewOrder,1763850236,266935,243386,42,1
2,Payment,1763850236,266947,455669,14,1
2,Payment,1763850236,274640,472732,3,1
1,NewOrder,1763850236,275513,269623,48,1
2,Payment,1763850236,281778,157840,21,1
2,Payment,1763850236,286099,177167,7,1
1,NewOrder,1763850236,300354,262661,30,1
1,NewOrder,1763850236,308488,126935,18,1
4,Delivery,1763850236,317730,187517,4,1
2,Payment,1763850236,317956,225051,43,1
2,Payment,1763850236,328585,254210,41,1
2,Payment,1763850236,328828,299957,33,1
1,NewOrder,1763850236,328943,169944,36,1
1,NewOrder,1763850236,331096,488246,34,1
1,NewOrder,1763850236,331139,397602,15,1
2,Payment,1763850236,334241,463796,1,1
2,Payment,1763850236,350068,290172,44,1
3,OrderStatus,1763850236,359806,51505,20,1
1,NewOrder,1763850236,363887,159005,24,1
1,NewOrder,1763850236,364302,101916,39,1
2,Payment,1763850236,379638,142931,8,1
1,NewOrder,1763850236,386202,302155,46,1
2,Payment,1763850236,389948,299096,40,1
2,Payment,1763850236,390027,389515,12,1
1,NewOrder,1763850236,397623,410024,25,1
2,Payment,1763850236,397671,358789,19,1
2,Payment,1763850236,398514,162428,35,1
1,NewOrder,1763850236,402540,420303,6,1
1,NewOrder,1763850236,402592,127327,22,1
2,Payment,1763850236,411339,290112,20,1
1,NewOrder,1763850236,416469,330069,9,1
3,OrderStatus,1763850236,423558,37220,23,1
1,NewOrder,1763850236,435455,127228,18,1
2,Payment,1763850236,439666,289013,21,1
2,Payment,1763850236,439873,453651,5,1
1,NewOrder,1763850236,451272,194032,27,1
2,Payment,1763850236,457802,368536,11,1
1,NewOrder,1763850236,460810,482203,23,1
4,Delivery,1763850236,463302,227436,7,1
3,OrderStatus,1763850236,463394,39724,45,1
1,NewOrder,1763850236,466249,310593,39,1
1,NewOrder,1763850236,466461,221813,17,1
4,Delivery,1763850236,479910,165051,37,1
1,NewOrder,1763850236,486276,530111,2,1
2,Payment,1763850236,486817,307317,16,1
3,OrderStatus,1763850236,491494,12621,28,1
2,Payment,1763850236,498921,336059,36,1
2,Payment,1763850236,502239,385705,31,1
2,Payment,1763850236,502359,238250,47,1
4,Delivery,1763850236,503137,41323,45,1
2,Payment,1763850236,504139,344969,28,1
1,NewOrder,1763850236,505324,397271,4,1
1,NewOrder,1763850236,510222,249876,32,1
1,NewOrder,1763850236,510334,411400,42,1
1,NewOrder,1763850236,522599,546624,8,1
5,StockLevel,1763850236,522914,273393,24,1
1,NewOrder,1763850236,523778,468660,26,1
2,Payment,1763850236,524810,360109,38,1
2,Payment,1763850236,529953,487221,22,1
3,OrderStatus,1763850236,543037,8109,43,1
2,Payment,1763850236,543051,338476,13,1
1,NewOrder,1763850236,544488,446213,45,1
1,NewOrder,1763850236,545188,332004,48,1
1,NewOrder,1763850236,551175,461436,43,1
5,StockLevel,1763850236,560975,336351,35,1
1,NewOrder,1763850236,562715,310412,18,1
1,NewOrder,1763850236,563034,216555,30,1
2,Payment,1763850236,582827,571908,41,1
1,NewOrder,1763850236,628826,388311,33,1
3,OrderStatus,1763850236,640277,40043,44,1
2,Payment,1763850236,644994,298165,37,1
4,Delivery,1763850236,645315,345173,27,1
4,Delivery,1763850236,680352,712382,44,1
1,NewOrder,1763850236,687522,297672,10,1
1,NewOrder,1763850236,688300,381439,17,1
1,NewOrder,1763850236,688320,380796,29,1
1,NewOrder,1763850236,688368,229375,46,1
2,Payment,1763850236,689063,691926,40,1
2,Payment,1763850236,690762,419252,7,1
4,Delivery,1763850236,701481,81150,20,1
1,NewOrder,1763850236,710711,368400,0,1
1,NewOrder,1763850236,722647,323998,14,1
1,NewOrder,1763850236,728711,522457,21,1
1,NewOrder,1763850236,728754,209428,15,1
2,Payment,1763850236,740636,414046,47,1
5,StockLevel,1763850236,744523,99264,49,1
2,Payment,1763850236,746566,408147,9,1
1,NewOrder,1763850236,747402,199293,3,1
2,Payment,1763850236,756491,378994,19,1
2,Payment,1763850236,760131,376020,32,1
1,NewOrder,1763850236,776875,825885,39,1
1,NewOrder,1763850236,779571,356759,12,1
1,NewOrder,1763850236,779601,283911,30,1
1,NewOrder,1763850236,782703,390889,20,1
2,Payment,1763850236,794266,399704,16,1
1,NewOrder,1763850236,796337,287724,24,1
1,NewOrder,1763850236,798081,148371,1,1
1,NewOrder,1763850236,807693,343318,25,1
3,OrderStatus,1763850236,819372,66039,34,1
2,Payment,1763850236,822873,367615,6,1
1,NewOrder,1763850236,826369,217520,11,1
2,Payment,1763850236,835007,844564,36,1
2,Payment,1763850236,843814,385922,49,1
2,Payment,1763850236,849150,371429,28,1
2,Payment,1763850236,873161,368620,18,1
1,NewOrder,1763850236,877234,562292,48,1
3,OrderStatus,1763850236,881559,44208,13,1
2,Payment,1763850236,884948,830239,38,1
2,Payment,1763850236,885433,288935,34,1
2,Payment,1763850236,888400,340836,31,1
1,NewOrder,1763850236,893890,523140,5,1
2,Payment,1763850236,897355,904150,35,1
1,NewOrder,1763850236,902626,127224,4,1
1,NewOrder,1763850236,917776,599725,46,1
2,Payment,1763850236,921767,581938,42,1
2,Payment,1763850236,925802,233615,13,1
5,StockLevel,1763850236,938217,341953,15,1
1,NewOrder,1763850236,943117,328193,23,1
2,Payment,1763850236,943178,893618,37,1
1,NewOrder,1763850236,946476,334245,1,1
1,NewOrder,1763850236,946717,137500,3,1
1,NewOrder,1763850236,985226,471674,10,1
2,Payment,1763850236,990519,304950,27,1
2,Payment,1763850236,990727,558481,45,1
1,NewOrder,1763850236,992468,615413,26,1
1,NewOrder,1763850237,012680,648591,43,1
1,NewOrder,1763850237,016417,213555,2,1
3,OrderStatus,1763850237,017164,31934,33,1
1,NewOrder,1763850237,017186,224768,22,1
1,NewOrder,1763850237,029878,231390,4,1
2,Payment,1763850237,043925,541348,11,1
2,Payment,1763850237,046690,572046,14,1
5,StockLevel,1763850237,049130,371885,33,1
2,Payment,1763850237,063545,231146,30,1
2,Payment,1763850237,069154,640363,29,1
1,NewOrder,1763850237,069246,369576,8,1
1,NewOrder,1763850237,069785,380620,17,1
1,NewOrder,1763850237,079144,632059,0,1
1,NewOrder,1763850237,084097,145033,24,1
2,Payment,1763850237,084241,244677,3,1
1,NewOrder,1763850237,110047,421595,7,1
2,Payment,1763850237,135515,384664,19,1
4,Delivery,1763850237,136173,449111,32,1
1,NewOrder,1763850237,136338,382029,12,1
2,Payment,1763850237,151039,609233,25,1
2,Payment,1763850237,154712,432145,47,1
2,Payment,1763850237,154730,431445,9,1
1,NewOrder,1763850237,154882,554764,41,1
2,Payment,1763850237,159445,598129,13,1
2,Payment,1763850237,173632,194759,20,1
1,NewOrder,1763850237,174397,458494,34,1
1,NewOrder,1763850237,190529,518973,6,1
2,Payment,1763850237,194010,381743,16,1
2,Payment,1763850237,220618,582046,28,1
1,NewOrder,1763850237,229172,355702,24,1
2,Payment,1763850237,229265,451080,31,1
2,Payment,1763850237,229758,442174,49,1
4,Delivery,1763850237,229988,355386,2,1
2,Payment,1763850237,241823,379974,18,1
1,NewOrder,1763850237,241986,343151,22,1
5,StockLevel,1763850237,251204,256205,21,1
2,Payment,1763850237,261305,507691,4,1
1,NewOrder,1763850237,271351,313586,23,1
2,Payment,1763850237,280204,438994,15,1
1,NewOrder,1763850237,280747,304685,1,1
5,StockLevel,1763850237,294736,270359,30,1
2,Payment,1763850237,295492,525677,27,1
2,Payment,1763850237,328953,480640,3,1
1,NewOrder,1763850237,368424,226885,20,1
1,NewOrder,1763850237,381020,328988,40,1
1,NewOrder,1763850237,392766,215931,44,1
2,Payment,1763850237,417067,438929,5,1
1,NewOrder,1763850237,421566,392838,33,1
1,NewOrder,1763850237,438855,280396,8,1
2,Payment,1763850237,439554,329403,48,1
1,NewOrder,1763850237,450438,405184,17,1
2,Payment,1763850237,456936,367485,10,1
1,NewOrder,1763850237,505209,174604,42,1
3,OrderStatus,1763850237,507443,13953,21,1
2,Payment,1763850237,517533,345313,46,1
4,Delivery,1763850237,518923,313652,12,1
1,NewOrder,1763850237,520324,331568,19,1
2,Payment,1763850237,521424,123768,21,1
1,NewOrder,1763850237,531728,169517,7,1
2,Payment,1763850237,549240,329729,45,1
1,NewOrder,1763850237,565129,332935,30,1
1,NewOrder,1763850237,575789,238609,16,1
2,Payment,1763850237,584904,126104,24,1
2,Payment,1763850237,584944,192865,23,1
2,Payment,1763850237,585145,286461,22,1
4,Delivery,1763850237,585290,150970,32,1
3,OrderStatus,1763850237,585297,182494,11,1
2,Payment,1763850237,585388,282562,2,1
2,Payment,1763850237,585449,298356,1,1
1,NewOrder,1763850237,586196,376349,9,1
2,Payment,1763850237,586879,335337,47,1
2,Payment,1763850237,595374,296526,20,1
2,Payment,1763850237,602791,269947,39,1
2,Payment,1763850237,607915,282481,26,1
2,Payment,1763850237,608722,196799,44,1
5,StockLevel,1763850237,618767,514742,14,1
1,NewOrder,1763850237,621830,234254,18,1
1,NewOrder,1763850237,632922,161174,34,1
1,NewOrder,1763850237,645220,311003,21,1
1,NewOrder,1763850237,661302,287469,43,1
1,NewOrder,1763850237,671995,349335,49,1
1,NewOrder,1763850237,679815,270855,36,1
3,OrderStatus,1763850237,679833,85638,42,1
2,Payment,1763850237,680360,245467,31,1
2,Payment,1763850237,701277,417552,7,1
1,NewOrder,1763850237,709533,226177,6,1
1,NewOrder,1763850237,709540,253035,29,1
2,Payment,1763850237,709793,358094,41,1
3,OrderStatus,1763850237,710018,39302,40,1
2,Payment,1763850237,711034,296019,24,1
1,NewOrder,1763850237,711218,267510,0,1
1,NewOrder,1763850237,715223,230718,38,1
1,NewOrder,1763850237,719231,222261,15,1
1,NewOrder,1763850237,719272,350417,8,1
1,NewOrder,1763850237,736292,333505,32,1
1,NewOrder,1763850237,749465,241757,40,1
4,Delivery,1763850237,757608,224805,13,1
1,NewOrder,1763850237,760302,228693,25,1
2,Payment,1763850237,765503,357261,42,1
1,NewOrder,1763850237,767910,142215,11,1
2,Payment,1763850237,768980,314492,48,1
2,Payment,1763850237,769009,232276,4,1
1,NewOrder,1763850237,777837,178016,23,1
2,Payment,1763850237,794128,328388,34,1
2,Payment,1763850237,801553,167867,35,1
1,NewOrder,1763850237,802702,159682,28,1
1,NewOrder,1763850237,805550,592921,44,1
1,NewOrder,1763850237,809638,169077,3,1
2,Payment,1763850237,814434,324751,33,1
2,Payment,1763850237,814437,177156,16,1
2,Payment,1763850237,821202,186046,27,1
1,NewOrder,1763850237,824453,80649,10,1
2,Payment,1763850237,832606,121969,12,1
2,Payment,1763850237,836827,158086,37,1
1,NewOrder,1763850237,851918,511654,19,1
5,StockLevel,1763850237,855760,137390,17,1
1,NewOrder,1763850237,856021,470751,5,1
2,Payment,1763850237,856096,536814,18,1
1,NewOrder,1763850237,862874,132101,46,1
3,OrderStatus,1763850237,867986,45829,2,1
1,NewOrder,1763850237,871636,117378,22,1
1,NewOrder,1763850237,872764,340944,39,1
4,Delivery,1763850237,879004,47513,45,1
2,Payment,1763850237,883837,195752,1,1
2,Payment,1763850237,890430,168458,26,1
1,NewOrder,1763850237,891931,403816,20,1
4,Delivery,1763850237,898098,77215,30,1
2,Payment,1763850237,905128,89453,10,1
1,NewOrder,1763850237,910157,262339,11,1
1,NewOrder,1763850237,913885,498075,2,1
2,Payment,1763850237,922248,241739,47,1
1,NewOrder,1763850237,925868,481232,31,1
2,Payment,1763850237,926545,280992,45,1
2,Payment,1763850237,935743,462193,6,1
2,Payment,1763850237,941556,498093,15,1
2,Payment,1763850237,945973,363622,38,1
1,NewOrder,1763850237,948803,333529,43,1
2,Payment,1763850237,950701,448620,36,1
1,NewOrder,1763850237,954606,198760,12,1
1,NewOrder,1763850237,955877,375964,23,1
1,NewOrder,1763850237,956242,258923,21,1
2,Payment,1763850237,962410,171905,28,1
2,Payment,1763850237,962578,468143,9,1
5,StockLevel,1763850237,962590,215657,29,1
2,Payment,1763850237,969445,461265,35,1
1,NewOrder,1763850237,975346,596491,30,1
3,OrderStatus,1763850237,978742,80776,3,1
1,NewOrder,1763850237,978746,460903,0,1
2,Payment,1763850237,982442,253881,13,1
5,StockLevel,1763850237,989046,390679,22,1
2,Payment,1763850237,989137,189333,25,1
1,NewOrder,1763850237,991257,262607,40,1
2,Payment,1763850237,991615,492856,16,1
2,Payment,1763850237,993182,598065,17,1
2,Payment,1763850237,994615,331191,10,1
2,Payment,1763850237,994933,482413,37,1
2,Payment,1763850237,994991,254255,46,1
1,NewOrder,1763850238,001315,302015,4,1
2,Payment,1763850238,007082,390900,24,1
1,NewOrder,1763850238,007271,302522,27,1
1,NewOrder,1763850238,021363,412850,49,1
1,NewOrder,1763850238,059482,243882,26,1
2,Payment,1763850238,059531,461417,3,1
4,Delivery,1763850238,067917,356340,41,1
2,Payment,1763850238,069719,390662,8,1
4,Delivery,1763850238,069818,311967,32,1
1,NewOrder,1763850238,079617,597701,1,1
2,Payment,1763850238,083505,395428,48,1
1,NewOrder,1763850238,118866,545474,7,1
2,Payment,1763850238,122548,507178,34,1
2,Payment,1763850238,122785,349411,42,1
2,Payment,1763850238,133564,242425,14,1
1,NewOrder,1763850238,134336,305354,28,1
1,NewOrder,1763850238,139214,666015,33,1
2,Payment,1763850238,153400,250564,12,1
1,NewOrder,1763850238,164018,217804,47,1
1,NewOrder,1763850238,172527,376700,11,1
1,NewOrder,1763850238,178276,206916,29,1
1,NewOrder,1763850238,178888,349131,25,1
2,Payment,1763850238,207582,376149,45,1
2,Payment,1763850238,213739,383973,39,1
2,Payment,1763850238,215587,249272,21,1
1,NewOrder,1763850238,236357,341310,13,1
1,NewOrder,1763850238,249296,507581,46,1
1,NewOrder,1763850238,253899,439599,40,1
2,Payment,1763850238,282360,838680,43,1
1,NewOrder,1763850238,295776,381473,20,1
4,Delivery,1763850238,303364,486094,4,1
2,Payment,1763850238,303377,272025,26,1
2,Payment,1763850238,309629,343318,38,1
3,OrderStatus,1763850238,309816,60755,27,1
5,StockLevel,1763850238,325840,206494,10,1
1,NewOrder,1763850238,326800,235695,5,1
2,Payment,1763850238,331873,389521,23,1
1,NewOrder,1763850238,363604,426591,19,1
2,Payment,1763850238,370608,227117,27,1
1,NewOrder,1763850238,376018,139588,14,1
2,Payment,1763850238,379758,377153,22,1
2,Payment,1763850238,381817,488033,32,1
1,NewOrder,1763850238,381848,310526,47,1
2,Payment,1763850238,385224,266766,29,1
1,NewOrder,1763850238,392945,363973,18,1
4,Delivery,1763850238,397972,241514,6,1
1,NewOrder,1763850238,398009,276265,24,1
1,NewOrder,1763850238,398489,654602,44,1
2,Payment,1763850238,399344,309304,36,1
1,NewOrder,1763850238,403994,230303,12,1
2,Payment,1763850238,407134,491775,31,1
2,Payment,1763850238,411992,582769,2,1
3,OrderStatus,1763850238,424290,18358,41,1
1,NewOrder,1763850238,430749,410548,35,1
1,NewOrder,1763850238,430754,233605,9,1
4,Delivery,1763850238,434241,456578,49,1
2,Payment,1763850238,439724,268197,28,1
1,NewOrder,1763850238,439725,269462,15,1
1,NewOrder,1763850238,439731,462498,0,1
2,Payment,1763850238,442709,784041,41,1
1,NewOrder,1763850238,460413,183593,8,1
1,NewOrder,1763850238,464892,437026,21,1
2,Payment,1763850238,472228,793740,42,1
2,Payment,1763850238,477373,421342,37,1
1,NewOrder,1763850238,478964,247067,48,1
2,Payment,1763850238,485898,341911,16,1
1,NewOrder,1763850238,515643,193100,14,1
1,NewOrder,1763850238,520983,582779,3,1
1,NewOrder,1763850238,532372,132771,10,1
2,Payment,1763850238,534806,221885,25,1
2,Payment,1763850238,549258,241078,11,1
2,Payment,1763850238,562514,146765,5,1
1,NewOrder,1763850238,571907,258302,30,1
2,Payment,1763850238,575438,214296,26,1
1,NewOrder,1763850238,577695,321022,13,1
4,Delivery,1763850238,583762,377572,45,1
5,StockLevel,1763850238,591347,203154,17,1
1,NewOrder,1763850238,597745,249601,39,1
1,NewOrder,1763850238,597747,280496,27,1
2,Payment,1763850238,629757,392268,34,1
1,NewOrder,1763850238,634331,449803,12,1
2,Payment,1763850238,639521,134607,6,1
2,Payment,1763850238,644036,165348,8,1
1,NewOrder,1763850238,652022,251518,29,1
1,NewOrder,1763850238,652968,213512,38,1
1,NewOrder,1763850238,664393,371654,9,1
2,Payment,1763850238,664398,183594,7,1
1,NewOrder,1763850238,665165,237828,10,1
2,Payment,1763850238,674307,263016,24,1
1,NewOrder,1763850238,677281,223900,20,1
4,Delivery,1763850238,677342,180287,1,1
2,Payment,1763850238,692406,97067,47,1
2,Payment,1763850238,693523,602560,40,1
2,Payment,1763850238,707993,236648,28,1
2,Payment,1763850238,708684,223519,36,1
2,Payment,1763850238,708773,401557,14,1
2,Payment,1763850238,709208,138956,15,1
1,NewOrder,1763850238,709296,203979,5,1
2,Payment,1763850238,721467,273277,23,1
1,NewOrder,1763850238,726088,227868,48,1
2,Payment,1763850238,756769,296238,25,1
1,NewOrder,1763850238,756889,232941,46,1
1,NewOrder,1763850238,756934,252092,18,1
1,NewOrder,1763850238,756937,302322,22,1
1,NewOrder,1763850238,774156,139125,6,1
1,NewOrder,1763850238,789496,368119,4,1
2,Payment,1763850238,789504,255802,47,1
1,NewOrder,1763850238,789754,349112,26,1
1,NewOrder,1763850238,790212,231993,19,1
1,NewOrder,1763850238,791224,519910,11,1
2,Payment,1763850238,794533,272330,17,1
2,Payment,1763850238,805263,258538,33,1
1,NewOrder,1763850238,809413,334335,8,1
2,Payment,1763850238,827842,306478,16,1
2,Payment,1763850238,830244,411891,30,1
1,NewOrder,1763850238,841359,251136,35,1
1,NewOrder,1763850238,847376,216630,39,1
1,NewOrder,1763850238,848019,74874,7,1
2,Payment,1763850238,848177,331890,15,1
2,Payment,1763850238,857693,327060,1,1
1,NewOrder,1763850238,866511,197266,38,1
1,NewOrder,1763850238,869908,525448,32,1
1,NewOrder,1763850238,878278,317598,27,1
2,Payment,1763850238,890850,221994,49,1
1,NewOrder,1763850238,898754,462156,13,1
2,Payment,1763850238,898757,228039,37,1
2,Payment,1763850238,898925,624831,31,1
2,Payment,1763850238,901214,405480,20,1
1,NewOrder,1763850238,901941,283844,21,1
3,OrderStatus,1763850238,902246,88722,0,1
2,Payment,1763850238,903014,508605,10,1
2,Payment,1763850238,903557,373131,29,1
1,NewOrder,1763850238,913328,504780,6,1
1,NewOrder,1763850238,913329,552277,5,1
2,Payment,1763850238,922927,262237,7,1
1,NewOrder,1763850238,932245,343894,36,1
2,Payment,1763850238,937361,397666,24,1
2,Payment,1763850238,944686,373705,28,1
2,Payment,1763850238,953982,230910,48,1
1,NewOrder,1763850238,961368,414017,45,1
1,NewOrder,1763850238,989862,412453,46,1
4,Delivery,1763850238,990999,68600,0,1
2,Payment,1763850238,994779,389459,23,1
2,Payment,1763850238,994779,281298,2,1
4,Delivery,1763850239,009060,451286,18,1
1,NewOrder,1763850239,022220,400977,34,1
2,Payment,1763850239,022265,236818,19,1
2,Payment,1763850239,036081,500712,9,1
1,NewOrder,1763850239,045335,387103,47,1
2,Payment,1763850239,053038,321375,25,1
2,Payment,1763850239,053105,305674,44,1
2,Payment,1763850239,059290,359915,22,1
2,Payment,1763850239,059623,272259,0,1
1,NewOrder,1763850239,063807,266346,38,1
2,Payment,1763850239,063813,516266,33,1
2,Payment,1763850239,064019,315424,39,1
1,NewOrder,1763850239,066894,370591,17,1
2,Payment,1763850239,084166,406578,12,1
1,NewOrder,1763850239,092526,234506,35,1
2,Payment,1763850239,103798,282097,3,1
1,NewOrder,1763850239,112721,913392,14,1
1,NewOrder,1763850239,112871,353829,49,1
2,Payment,1763850239,121072,253174,43,1
2,Payment,1763850239,126827,319898,37,1
1,NewOrder,1763850239,134355,239840,16,1
2,Payment,1763850239,138901,304505,26,1
2,Payment,1763850239,143783,442733,8,1
1,NewOrder,1763850239,157649,677901,4,1
2,Payment,1763850239,180101,302123,15,1
2,Payment,1763850239,184783,751121,1,1
1,NewOrder,1763850239,184913,191236,48,1
4,Delivery,1763850239,185182,373564,7,1
2,Payment,1763850239,185804,341993,21,1
2,Payment,1763850239,195909,306273,27,1
2,Payment,1763850239,226783,199075,41,1
2,Payment,1763850239,242169,580342,30,1
2,Payment,1763850239,259113,274482,19,1
1,NewOrder,1763850239,266002,643485,42,1
5,StockLevel,1763850239,276112,99983,2,1
1,NewOrder,1763850239,276164,627603,36,1
1,NewOrder,1763850239,276708,682927,29,1
4,Delivery,1763850239,296115,92992,40,1
1,NewOrder,1763850239,306834,539331,20,1
1,NewOrder,1763850239,311170,628314,11,1
1,NewOrder,1763850239,318425,621874,28,1
2,Payment,1763850239,327066,631905,35,1
1,NewOrder,1763850239,330183,488683,38,1
1,NewOrder,1763850239,331914,158890,0,1
1,NewOrder,1763850239,335056,751203,24,1
2,Payment,1763850239,358809,613302,44,1
1,NewOrder,1763850239,360943,597908,13,1
2,Payment,1763850239,374228,439270,16,1
2,Payment,1763850239,374267,688799,43,1
2,Payment,1763850239,374430,642947,25,1
1,NewOrder,1763850239,375404,578370,45,1
2,Payment,1763850239,376118,612932,2,1
2,Payment,1763850239,376168,168159,48,1
1,NewOrder,1763850239,379474,255059,39,1
1,NewOrder,1763850239,384270,636265,23,1
1,NewOrder,1763850239,385929,859346,3,1
2,Payment,1763850239,389139,712054,40,1
2,Payment,1763850239,395499,497445,32,1
1,NewOrder,1763850239,402347,536743,46,1
1,NewOrder,1763850239,411648,502084,10,1
1,NewOrder,1763850239,418141,860386,6,1
1,NewOrder,1763850239,419232,582505,22,1
1,NewOrder,1763850239,423225,745737,34,1
1,NewOrder,1763850239,425889,863237,41,1
2,Payment,1763850239,432467,607374,47,1
4,Delivery,1763850239,437515,440384,17,1
1,NewOrder,1763850239,443457,379299,26,1
2,Payment,1763850239,446789,559130,37,1
3,OrderStatus,1763850239,460378,64645,18,1
2,Payment,1763850239,465636,867624,5,1
1,NewOrder,1763850239,466723,528524,49,1
1,NewOrder,1763850239,482256,667375,15,1
1,NewOrder,1763850239,490778,578366,12,1
1,NewOrder,1763850239,490826,709524,0,1
1,NewOrder,1763850239,502214,803048,27,1
1,NewOrder,1763850239,523799,651697,31,1
1,NewOrder,1763850239,525053,525365,18,1
2,Payment,1763850239,527830,597633,21,1
2,Payment,1763850239,533626,636755,19,1
5,StockLevel,1763850239,536844,517299,9,1
2,Payment,1763850239,544356,559999,48,1
2,Payment,1763850239,558779,804049,7,1
3,OrderStatus,1763850239,580152,243067,33,1
1,NewOrder,1763850239,586551,1016618,8,1
1,NewOrder,1763850239,634564,610570,39,1
2,Payment,1763850239,813528,433422,16,1
3,OrderStatus,1763850239,818902,43064,38,1
2,Payment,1763850239,822541,422912,30,1
1,NewOrder,1763850239,822780,448171,26,1
4,Delivery,1763850239,823236,540015,33,1
1,NewOrder,1763850239,835583,327154,4,1
5,StockLevel,1763850239,846199,401715,20,1
1,NewOrder,1763850239,861997,395667,38,1
1,NewOrder,1763850239,877929,485234,17,1
4,Delivery,1763850239,892976,645719,32,1
1,NewOrder,1763850239,903818,310209,36,1
1,NewOrder,1763850239,910169,314260,42,1
2,Payment,1763850239,913765,201070,10,1
1,NewOrder,1763850239,935959,233068,1,1
1,NewOrder,1763850239,939163,383594,46,1
2,Payment,1763850239,939499,229481,11,1
2,Payment,1763850239,940321,852789,28,1
1,NewOrder,1763850239,953809,348344,45,1
1,NewOrder,1763850239,958882,523344,13,1
1,NewOrder,1763850239,958995,247646,35,1
1,NewOrder,1763850239,959684,791566,29,1
1,NewOrder,1763850239,972144,283617,44,1
1,NewOrder,1763850239,989082,289292,2,1
1,NewOrder,1763850239,995580,327209,49,1
2,Payment,1763850240,001769,235646,22,1
1,NewOrder,1763850240,006703,241471,37,1
2,Payment,1763850240,017412,821685,25,1
1,NewOrder,1763850240,020586,333675,23,1
1,NewOrder,1763850240,026145,328138,14,1
2,Payment,1763850240,039874,323119,47,1
2,Payment,1763850240,050454,369299,18,1
2,Payment,1763850240,054177,666263,9,1
1,NewOrder,1763850240,063091,194609,43,1
1,NewOrder,1763850240,069173,232372,12,1
4,Delivery,1763850240,086291,626382,24,1
1,NewOrder,1763850240,101225,263137,40,1
2,Payment,1763850240,104398,319031,48,1
1,NewOrder,1763850240,114869,247892,10,1
2,Payment,1763850240,125497,283047,21,1
2,Payment,1763850240,149667,332933,15,1
2,Payment,1763850240,162766,191599,4,1
1,NewOrder,1763850240,168991,382682,34,1
2,Payment,1763850240,169003,358511,11,1
2,Payment,1763850240,169040,238696,1,1
2,Payment,1763850240,170406,373944,19,1
2,Payment,1763850240,175526,113014,31,1
1,NewOrder,1763850240,200498,497874,0,1
1,NewOrder,1763850240,206682,346034,35,1
2,Payment,1763850240,214054,87456,36,1
1,NewOrder,1763850240,224461,141280,42,1
2,Payment,1763850240,237449,287178,22,1
1,NewOrder,1763850240,245192,1004538,39,1
1,NewOrder,1763850240,245298,306870,3,1
4,Delivery,1763850240,245469,416027,30,1
2,Payment,1763850240,246975,408120,16,1
4,Delivery,1763850240,247941,514398,20,1
2,Payment,1763850240,248192,1034004,37,1
1,NewOrder,1763850240,256408,295303,44,1
1,NewOrder,1763850240,257694,192370,38,1
4,Delivery,1763850240,257721,539130,43,1
1,NewOrder,1763850240,270983,696649,26,1
1,NewOrder,1763850240,278409,414457,2,1
1,NewOrder,1763850240,278550,304710,6,1
1,NewOrder,1763850240,288571,352053,31,1
4,Delivery,1763850240,289153,663885,41,1
2,Payment,1763850240,301553,1018191,36,1
1,NewOrder,1763850240,301558,377394,12,1
2,Payment,1763850240,302254,180728,45,1
2,Payment,1763850240,305291,731922,27,1
2,Payment,1763850240,322815,205361,49,1
1,NewOrder,1763850240,322817,345859,46,1
1,NewOrder,1763850240,333292,351570,5,1
2,Payment,1763850240,354299,396964,14,1
5,StockLevel,1763850240,354386,159776,4,1
1,NewOrder,1763850240,354542,556211,23,1
1,NewOrder,1763850240,362793,357670,10,1
2,Payment,1763850240,362851,493050,7,1
1,NewOrder,1763850240,363007,308848,47,1
2,Payment,1763850240,363174,393123,17,1
2,Payment,1763850240,363263,325432,33,1
1,NewOrder,1763850240,364381,540143,40,1
1,NewOrder,1763850240,365764,136515,42,1
2,Payment,1763850240,407766,312957,1,1
2,Payment,1763850240,408569,547338,21,1
1,NewOrder,1763850240,419793,462768,18,1
2,Payment,1763850240,423462,283301,48,1
1,NewOrder,1763850240,450149,1092725,38,1
1,NewOrder,1763850240,482261,206595,13,1
1,NewOrder,1763850240,482621,373026,15,1
2,Payment,1763850240,482995,252169,45,1
1,NewOrder,1763850240,502462,376675,42,1
2,Payment,1763850240,514190,291713,4,1
1,NewOrder,1763850240,524677,771390,22,1
2,Payment,1763850240,527543,248284,11,1
2,Payment,1763850240,528194,320493,49,1
1,NewOrder,1763850240,538776,293964,32,1
1,NewOrder,1763850240,544393,355372,19,1
2,Payment,1763850240,551707,322093,34,1
1,NewOrder,1763850240,551723,215507,44,1
3,OrderStatus,1763850240,552191,93099,3,1
1,NewOrder,1763850240,552735,1100172,35,1
1,NewOrder,1763850240,583296,405011,6,1
1,NewOrder,1763850240,603194,315757,8,1
2,Payment,1763850240,641164,330835,31,1
4,Delivery,1763850240,645322,223532,3,1
5,StockLevel,1763850240,655127,471076,16,1
2,Payment,1763850240,661523,347947,30,1
1,NewOrder,1763850240,668702,632500,46,1
5,StockLevel,1763850240,671885,482906,47,1
1,NewOrder,1763850240,679016,231734,12,1
2,Payment,1763850240,684895,390979,5,1
2,Payment,1763850240,688729,355479,33,1
1,NewOrder,1763850240,688886,211615,13,1
2,Payment,1763850240,692894,180466,2,1
1,NewOrder,1763850240,698404,279840,0,1
1,NewOrder,1763850240,706795,580141,48,1
2,Payment,1763850240,712707,607037,24,1
1,NewOrder,1763850240,720477,213425,9,1
1,NewOrder,1763850240,720489,262847,10,1
1,NewOrder,1763850240,720743,227061,1,1
2,Payment,1763850240,735208,613476,45,1
1,NewOrder,1763850240,751290,139056,29,1
5,StockLevel,1763850240,751295,348075,14,1
2,Payment,1763850240,756328,231970,17,1
2,Payment,1763850240,762378,635512,20,1
5,StockLevel,1763850240,767266,413470,44,1
1,NewOrder,1763850240,775872,147929,11,1
3,OrderStatus,1763850240,793151,33237,28,1
1,NewOrder,1763850240,796892,175069,43,1
2,Payment,1763850240,806223,288450,4,1
2,Payment,1763850240,826431,233639,28,1
2,Payment,1763850240,832777,263984,32,1
5,StockLevel,1763850240,839132,360018,25,1
1,NewOrder,1763850240,848726,782334,49,1
1,NewOrder,1763850240,855701,319697,15,1
2,Payment,1763850240,855929,316492,7,1
1,NewOrder,1763850240,868999,75436,3,1
2,Payment,1763850240,873391,337520,2,1
1,NewOrder,1763850240,873821,419650,34,1
1,NewOrder,1763850240,879161,433477,42,1
1,NewOrder,1763850240,882592,441820,18,1
1,NewOrder,1763850240,890375,378426,29,1
1,NewOrder,1763850240,899794,396514,19,1
2,Payment,1763850240,900529,111020,13,1
4,Delivery,1763850240,904555,96273,40,1
1,NewOrder,1763850240,910781,129501,23,1
1,NewOrder,1763850240,910783,414322,12,1
1,NewOrder,1763850240,918983,442433,8,1
2,Payment,1763850240,923832,462259,11,1
2,Payment,1763850240,934017,468218,9,1
1,NewOrder,1763850240,944461,410538,3,1
1,NewOrder,1763850240,947834,389855,1,1
2,Payment,1763850240,953072,433012,41,1
1,NewOrder,1763850240,955943,697331,21,1
2,Payment,1763850240,967690,352120,26,1
2,Payment,1763850240,971990,447348,43,1
2,Payment,1763850240,972021,353066,31,1
1,NewOrder,1763850240,978284,390352,0,1
2,Payment,1763850240,983366,449418,10,1
2,Payment,1763850240,988342,434609,6,1
2,Payment,1763850240,988346,392863,17,1
1,NewOrder,1763850241,000859,651094,40,1
2,Payment,1763850241,009510,384216,30,1
2,Payment,1763850241,011582,484439,13,1
2,Payment,1763850241,037261,360506,27,1
1,NewOrder,1763850241,040326,612471,23,1
2,Payment,1763850241,044247,391940,33,1
1,NewOrder,1763850241,060109,446660,28,1
1,NewOrder,1763850241,075912,230599,5,1
1,NewOrder,1763850241,094722,327947,4,1
1,NewOrder,1763850241,096808,505894,32,1
1,NewOrder,1763850241,099410,531470,14,1
2,Payment,1763850241,126250,288096,16,1
1,NewOrder,1763850241,154827,374773,47,1
2,Payment,1763850241,172454,319344,7,1
1,NewOrder,1763850241,175444,477602,15,1
1,NewOrder,1763850241,180780,333329,44,1
1,NewOrder,1763850241,199608,369399,25,1
2,Payment,1763850241,210959,285839,2,1
2,Payment,1763850241,249764,482127,39,1
1,NewOrder,1763850241,268832,288498,29,1
1,NewOrder,1763850241,282228,192828,37,1
1,NewOrder,1763850241,286967,200766,48,1
1,NewOrder,1763850241,293500,349816,34,1
1,NewOrder,1763850241,296101,358057,22,1
2,Payment,1763850241,296348,435468,19,1
2,Payment,1763850241,301234,373283,46,1
1,NewOrder,1763850241,306544,425931,5,1
2,Payment,1763850241,312735,447778,42,1
1,NewOrder,1763850241,319783,333408,24,1
2,Payment,1763850241,319783,507202,36,1
2,Payment,1763850241,319836,307745,26,1
2,Payment,1763850241,324441,442764,18,1
1,NewOrder,1763850241,325109,313122,31,1
2,Payment,1763850241,325132,327515,12,1
2,Payment,1763850241,338057,241729,1,1
2,Payment,1763850241,348723,357757,45,1
2,Payment,1763850241,355037,276009,3,1
2,Payment,1763850241,361456,407653,8,1
2,Payment,1763850241,368698,301778,0,1
2,Payment,1763850241,381242,463034,17,1
2,Payment,1763850241,386111,431797,41,1
2,Payment,1763850241,386116,335030,11,1
2,Payment,1763850241,393755,312619,30,1
2,Payment,1763850241,397798,255204,27,1
1,NewOrder,1763850241,397910,254840,20,1
1,NewOrder,1763850241,402263,251594,9,1
2,Payment,1763850241,414375,474468,16,1
2,Payment,1763850241,419367,455205,43,1
2,Payment,1763850241,422705,293093,4,1
1,NewOrder,1763850241,422982,283462,6,1
2,Payment,1763850241,432824,324856,10,1
1,NewOrder,1763850241,436221,396355,33,1
1,NewOrder,1763850241,475089,474325,37,1
3,OrderStatus,1763850241,487770,34010,48,1
3,OrderStatus,1763850241,491837,95603,7,1
1,NewOrder,1763850241,496054,452982,13,1
1,NewOrder,1763850241,496823,452218,2,1
2,Payment,1763850241,506799,199590,28,1
1,NewOrder,1763850241,514162,664056,44,1
3,OrderStatus,1763850241,521815,66257,48,1
2,Payment,1763850241,529635,212124,47,1
2,Payment,1763850241,542904,460278,38,1
1,NewOrder,1763850241,557618,307097,29,1
2,Payment,1763850241,569043,324332,25,1
2,Payment,1763850241,579825,404558,1,1
2,Payment,1763850241,587477,230502,7,1
2,Payment,1763850241,588105,204270,48,1
1,NewOrder,1763850241,602751,355676,32,1
1,NewOrder,1763850241,627620,224876,26,1
2,Payment,1763850241,630915,425832,14,1
1,NewOrder,1763850241,631054,201525,3,1
1,NewOrder,1763850241,631091,342169,49,1
4,Delivery,1763850241,638263,205829,31,1
1,NewOrder,1763850241,643352,262805,34,1
1,NewOrder,1763850241,651994,642709,40,1
1,NewOrder,1763850241,652694,253449,12,1
1,NewOrder,1763850241,652770,441131,20,1
2,Payment,1763850241,652815,258658,23,1
3,OrderStatus,1763850241,652915,85759,35,1
3,OrderStatus,1763850241,653014,69845,27,1
1,NewOrder,1763850241,653061,472358,15,1
1,NewOrder,1763850241,653198,468242,24,1
2,Payment,1763850241,653298,198449,21,1
1,NewOrder,1763850241,653878,359477,9,1
4,Delivery,1763850241,654175,295023,22,1
2,Payment,1763850241,670514,386461,0,1
1,NewOrder,1763850241,674552,284140,46,1
2,Payment,1763850241,706431,297127,30,1
1,NewOrder,1763850241,706434,414900,28,1
1,NewOrder,1763850241,706486,329494,6,1
1,NewOrder,1763850241,706495,211900,45,1
2,Payment,1763850241,715832,406387,4,1
1,NewOrder,1763850241,721177,195771,11,1
1,NewOrder,1763850241,722891,433051,27,1
1,NewOrder,1763850241,731847,389789,19,1
4,Delivery,1763850241,731916,899557,39,1
2,Payment,1763850241,732498,373862,5,1
2,Payment,1763850241,738708,320009,35,1
2,Payment,1763850241,741800,303961,47,1
3,OrderStatus,1763850241,757714,48651,10,1
2,Payment,1763850241,760542,613837,42,1
2,Payment,1763850241,767237,407070,18,1
1,NewOrder,1763850241,769140,207614,8,1
3,OrderStatus,1763850241,792404,10175,48,1
1,NewOrder,1763850241,802610,382819,48,1
1,NewOrder,1763850241,806393,403097,10,1
1,NewOrder,1763850241,817947,350864,41,1
2,Payment,1763850241,818005,338018,7,1
4,Delivery,1763850241,827017,1392970,36,1
1,NewOrder,1763850241,832610,516467,3,1
2,Payment,1763850241,832610,225880,33,1
1,NewOrder,1763850241,844125,530639,31,1
2,Payment,1763850241,844298,837968,17,1
1,NewOrder,1763850241,851778,311191,21,1
2,Payment,1763850241,852526,356628,26,1
1,NewOrder,1763850241,864747,313541,29,1
1,NewOrder,1763850241,874604,1240378,43,1
3,OrderStatus,1763850241,888871,61044,16,1
1,NewOrder,1763850241,893421,738000,25,1
2,Payment,1763850241,906172,1535476,12,1
1,NewOrder,1763850241,906179,627152,34,1
1,NewOrder,1763850241,911503,298214,23,1
5,StockLevel,1763850241,916977,261066,11,1
2,Payment,1763850241,918438,1037932,45,1
2,Payment,1763850241,949068,1002465,2,1
1,NewOrder,1763850241,949068,487679,13,1
1,NewOrder,1763850241,949222,425197,22,1
2,Payment,1763850241,949432,185059,37,1
1,NewOrder,1763850241,949929,1603873,16,1
1,NewOrder,1763850241,958455,416001,32,1
1,NewOrder,1763850241,958713,415724,46,1
1,NewOrder,1763850241,973291,709057,49,1
2,Payment,1763850241,976788,227945,8,1
1,NewOrder,1763850241,984439,596118,1,1
1,NewOrder,1763850242,003213,952641,38,1
1,NewOrder,1763850242,003583,370906,30,1
1,NewOrder,1763850242,013387,672847,9,1
1,NewOrder,1763850242,036013,858579,6,1
1,NewOrder,1763850242,045792,1397331,47,1
2,Payment,1763850242,056776,1689745,14,1
2,Payment,1763850242,056994,1442373,0,1
1,NewOrder,1763850242,058519,627736,33,1
1,NewOrder,1763850242,058738,1326238,35,1
5,StockLevel,1763850242,093930,1848060,20,1
1,NewOrder,1763850242,106388,851717,5,1
5,StockLevel,1763850242,121371,887175,28,1
5,StockLevel,1763850242,121460,1104866,24,1
1,NewOrder,1763850242,121669,772909,19,1
1,NewOrder,1763850242,122237,2512442,4,1
2,Payment,1763850242,125448,3067594,15,1
1,NewOrder,1763850242,134522,925018,37,1
1,NewOrder,1763850242,155971,330006,27,1
1,NewOrder,1763850242,156045,795499,7,1
1,NewOrder,1763850242,163000,212775,21,1
1,NewOrder,1763850242,168844,944942,41,1
3,OrderStatus,1763850242,174336,204751,18,1
2,Payment,1763850242,178078,2602107,11,1
3,OrderStatus,1763850242,178247,559560,44,1
1,NewOrder,1763850242,178307,1321939,29,1
4,Delivery,1763850242,185460,3277865,48,1
1,NewOrder,1763850242,204772,746970,8,1
1,NewOrder,1763850242,209185,281393,26,1
2,Payment,1763850242,209509,3103268,10,1
1,NewOrder,1763850242,209735,421819,23,1
1,NewOrder,1763850242,294739,4186970,40,1
3,OrderStatus,1763850242,349108,143491,3,1
5,StockLevel,1763850242,374418,3926556,42,1
1,NewOrder,1763850242,374429,900653,22,1
1,NewOrder,1763850242,374467,1125521,46,1
2,Payment,1763850242,374476,520102,32,1
2,Payment,1763850242,374508,955235,30,1
2,Payment,1763850242,374781,633047,31,1
2,Payment,1763850242,375802,364646,21,1
1,NewOrder,1763850242,379125,1451641,18,1
1,NewOrder,1763850242,436961,3280837,13,1
1,NewOrder,1763850242,486017,200144,27,1
2,Payment,1763850242,490633,1254690,26,1
1,NewOrder,1763850242,492639,2907924,3,1
1,NewOrder,1763850242,533368,2808091,34,1
1,NewOrder,1763850242,580593,2344620,1,1
3,OrderStatus,1763850242,631457,319532,25,1
2,Payment,1763850242,631483,1313363,39,1
1,NewOrder,1763850242,631576,922189,23,1
1,NewOrder,1763850242,682301,3379243,17,1
2,Payment,1763850242,682372,1063332,49,1
1,NewOrder,1763850242,686194,3211508,27,1
1,NewOrder,1763850242,686267,920309,9,1
2,Payment,1763850242,686319,3415257,33,1
2,Payment,1763850242,737846,3806793,44,1
2,Payment,1763850242,740492,984780,21,1
1,NewOrder,1763850242,894618,3322874,19,1
2,Payment,1763850242,894621,1170927,6,1
1,NewOrder,1763850242,894634,2363795,32,1
2,Payment,1763850242,951026,3121312,25,1
2,Payment,1763850242,951559,2694832,2,1
5,StockLevel,1763850242,951575,3336351,7,1
1,NewOrder,1763850242,951761,2937397,8,1
1,NewOrder,1763850242,955889,2411847,38,1
2,Payment,1763850242,956401,1396227,45,1
5,StockLevel,1763850242,958142,3348211,5,1
2,Payment,1763850243,007866,3116268,31,1
1,NewOrder,1763850243,008574,2184417,28,1
1,NewOrder,1763850243,059574,2742528,37,1
2,Payment,1763850243,113829,3478716,41,1
1,NewOrder,1763850243,115022,3660445,43,1
2,Payment,1763850243,220017,2836755,36,1
1,NewOrder,1763850243,226353,2141453,24,1
1,NewOrder,1763850243,275115,1917886,22,1
2,Payment,1763850243,329772,2901222,30,1
5,StockLevel,1763850243,385019,3075900,35,1
2,Payment,1763850243,441711,2625236,12,1
3,OrderStatus,1763850243,443158,386864,47,1
1,NewOrder,1763850243,499408,2658264,0,1
1,NewOrder,1763850243,500021,2619577,46,1
1,NewOrder,1763850243,500266,1573229,29,1
2,Payment,1763850243,553800,2494786,23,1
1,NewOrder,1763850243,553837,2507570,16,1
2,Payment,1763850243,606609,2594931,9,1
1,NewOrder,1763850243,725334,2491771,21,1
1,NewOrder,1763850243,745353,2417057,26,1
2,Payment,1763850243,745729,2417112,49,1
2,Payment,1763850243,746793,2443117,14,1
2,Payment,1763850243,830054,2387076,47,1
2,Payment,1763850243,830787,2545624,18,1
2,Payment,1763850243,942025,2367249,20,1
5,StockLevel,1763850243,944878,2432878,39,1
1,NewOrder,1763850244,065587,2415889,6,1
2,Payment,1763850244,352787,1944277,45,1
1,NewOrder,1763850244,634744,1488868,4,1
1,NewOrder,1763850244,780219,937579,11,1
2,Payment,1763850244,925250,1336607,1,1
1,NewOrder,1763850245,073544,1368202,29,1
1,NewOrder,1763850245,193039,1068984,28,1
1,NewOrder,1763850245,193068,1439107,15,1
2,Payment,1763850245,193191,1169913,22,1
2,Payment,1763850245,258470,1065739,32,1
2,Payment,1763850245,312818,932665,10,1
2,Payment,1763850245,341500,1035303,34,1
2,Payment,1763850245,367787,710150,38,1
2,Payment,1763850245,367849,1113860,24,1
1,NewOrder,1763850245,400605,673031,3,1
1,NewOrder,1763850245,463355,1086153,48,1
1,NewOrder,1763850245,646437,829452,2,1
3,OrderStatus,1763850245,717850,335694,13,1
1,NewOrder,1763850245,717851,778897,11,1
2,Payment,1763850245,802146,328815,37,1
2,Payment,1763850245,889221,635928,8,1
5,StockLevel,1763850245,897745,568529,27,1
1,NewOrder,1763850246,048627,621707,23,1
1,NewOrder,1763850246,053581,382734,13,1
1,NewOrder,1763850246,056804,291644,36,1
4,Delivery,1763850246,061439,473184,16,1
3,OrderStatus,1763850246,061600,41661,17,1
1,NewOrder,1763850246,066990,352146,12,1
1,NewOrder,1763850246,072371,212949,25,1
1,NewOrder,1763850246,075419,485751,3,1
2,Payment,1763850246,077973,338353,38,1
2,Payment,1763850246,101608,349619,33,1
1,NewOrder,1763850246,103296,469783,17,1
2,Payment,1763850246,119633,482410,46,1
2,Payment,1763850246,123679,546772,4,1
1,NewOrder,1763850246,124287,498453,31,1
1,NewOrder,1763850246,130990,474283,37,1
1,NewOrder,1763850246,157706,349542,0,1
1,NewOrder,1763850246,162442,174376,26,1
1,NewOrder,1763850246,162862,330578,49,1
4,Delivery,1763850246,189943,738702,14,1
2,Payment,1763850246,201575,410427,9,1
1,NewOrder,1763850246,217136,455921,21,1
2,Payment,1763850246,217169,455823,47,1
2,Payment,1763850246,217509,457306,19,1
2,Payment,1763850246,231022,441999,30,1
2,Payment,1763850246,245519,303922,10,1
1,NewOrder,1763850246,261891,660298,1,1
1,NewOrder,1763850246,262044,287397,28,1
1,NewOrder,1763850246,285352,267951,25,1
3,OrderStatus,1763850246,287957,79176,7,1
1,NewOrder,1763850246,297097,450030,45,1
2,Payment,1763850246,301006,609058,42,1
3,OrderStatus,1763850246,306389,101868,5,1
1,NewOrder,1763850246,309307,335186,20,1
5,StockLevel,1763850246,324242,340649,32,1
1,NewOrder,1763850246,336847,202974,26,1
2,Payment,1763850246,348480,378734,36,1
3,OrderStatus,1763850246,363137,66304,22,1
2,Payment,1763850246,367163,263151,7,1
2,Payment,1763850246,376701,344797,18,1
2,Payment,1763850246,376932,345174,34,1
1,NewOrder,1763850246,377800,295407,39,1
2,Payment,1763850246,408287,258361,5,1
2,Payment,1763850246,416359,372512,38,1
4,Delivery,1763850246,419164,660600,12,1
2,Payment,1763850246,429504,285124,22,1
1,NewOrder,1763850246,436379,331944,13,1
1,NewOrder,1763850246,441779,287107,29,1
2,Payment,1763850246,451255,320377,33,1
2,Payment,1763850246,460952,438392,35,1
1,NewOrder,1763850246,466307,206837,27,1
2,Payment,1763850246,475952,491895,2,1
3,OrderStatus,1763850246,481512,8436,6,1
2,Payment,1763850246,481731,284219,24,1
4,Delivery,1763850246,481733,95706,40,1
1,NewOrder,1763850246,489975,288912,6,1
1,NewOrder,1763850246,493471,308358,49,1
1,NewOrder,1763850246,496780,564896,11,1
1,NewOrder,1763850246,507282,249952,0,1
1,NewOrder,1763850246,525183,240767,8,1
2,Payment,1763850246,534944,236895,16,1
2,Payment,1763850246,539852,228512,26,1
2,Payment,1763850246,544723,392333,44,1
1,NewOrder,1763850246,549480,432919,28,1
1,NewOrder,1763850246,549483,540716,10,1
1,NewOrder,1763850246,549553,225878,48,1
2,Payment,1763850246,553335,313439,25,1
1,NewOrder,1763850246,561203,217697,3,1
2,Payment,1763850246,573120,306885,17,1
1,NewOrder,1763850246,577471,145562,40,1
1,NewOrder,1763850246,592607,453400,41,1
2,Payment,1763850246,602077,271366,46,1
1,NewOrder,1763850246,605333,489562,37,1
4,Delivery,1763850246,612033,482771,9,1
2,Payment,1763850246,622773,254960,31,1
2,Payment,1763850246,630345,272416,7,1
1,NewOrder,1763850246,632201,355999,15,1
1,NewOrder,1763850246,644526,364017,20,1
1,NewOrder,1763850246,664928,352064,32,1
2,Payment,1763850246,666697,258019,5,1
1,NewOrder,1763850246,670363,287282,23,1
1,NewOrder,1763850246,670472,414376,4,1
1,NewOrder,1763850246,673021,421971,47,1
2,Payment,1763850246,673043,393984,30,1
1,NewOrder,1763850246,673070,291754,21,1
2,Payment,1763850246,673160,399602,27,1
3,OrderStatus,1763850246,673220,11697,39,1
1,NewOrder,1763850246,674846,392183,19,1
2,Payment,1763850246,684948,429255,39,1
1,NewOrder,1763850246,714722,284012,22,1
2,Payment,1763850246,721568,435525,18,1
2,Payment,1763850246,722137,372674,34,1
2,Payment,1763850246,723055,425171,40,1
2,Payment,1763850246,727250,404229,36,1
4,Delivery,1763850246,728914,546831,29,1
5,StockLevel,1763850246,747152,213114,45,1
2,Payment,1763850246,757268,371248,0,1
1,NewOrder,1763850246,765983,406813,8,1
1,NewOrder,1763850246,765985,981999,24,1
2,Payment,1763850246,768353,349275,13,1
1,NewOrder,1763850246,768380,229878,26,1
2,Payment,1763850246,771736,345359,33,1
2,Payment,1763850246,771864,431393,16,1
1,NewOrder,1763850246,775462,257401,48,1
1,NewOrder,1763850246,775488,297225,43,1
2,Payment,1763850246,778922,196308,6,1
1,NewOrder,1763850246,778927,288192,3,1
2,Payment,1763850246,788904,374321,38,1
2,Payment,1763850246,801858,318023,49,1
1,NewOrder,1763850246,866806,531489,25,1
2,Payment,1763850246,873478,267230,46,1
1,NewOrder,1763850246,877769,316626,31,1
2,Payment,1763850246,880040,418929,17,1
1,NewOrder,1763850246,899374,377363,35,1
1,NewOrder,1763850246,902791,246380,7,1
2,Payment,1763850246,910094,257765,42,1
3,OrderStatus,1763850246,922240,33269,1,1
2,Payment,1763850246,924748,290873,5,1
2,Payment,1763850246,928794,220199,14,1
1,NewOrder,1763850246,937098,271472,44,1
1,NewOrder,1763850246,955538,140040,1,1
2,Payment,1763850246,957682,881074,23,1
2,Payment,1763850246,960296,206402,45,1
2,Payment,1763850246,964853,991893,21,1
1,NewOrder,1763850246,967875,215927,2,1
2,Payment,1763850246,975260,299592,6,1
5,StockLevel,1763850246,982433,244043,28,1
1,NewOrder,1763850246,988230,445496,15,1
2,Payment,1763850246,998289,457882,26,1
1,NewOrder,1763850246,998757,1324486,22,1
1,NewOrder,1763850247,008574,1317884,20,1
2,Payment,1763850247,017026,218618,32,1
2,Payment,1763850247,032893,182984,48,1
2,Payment,1763850247,046039,339064,41,1
2,Payment,1763850247,061714,115147,11,1
5,StockLevel,1763850247,067066,242539,30,1
3,OrderStatus,1763850247,067068,50550,19,1
2,Payment,1763850247,067132,207495,3,1
1,NewOrder,1763850247,072748,204887,43,1
1,NewOrder,1763850247,072784,529981,27,1
2,Payment,1763850247,079793,135823,12,1
1,NewOrder,1763850247,084879,160038,4,1
1,NewOrder,1763850247,090239,375750,10,1
2,Payment,1763850247,094855,154698,34,1
1,NewOrder,1763850247,095009,250817,47,1
2,Payment,1763850247,095175,237162,37,1
1,NewOrder,1763850247,095325,344531,9,1
5,StockLevel,1763850247,095593,212872,1,1
1,NewOrder,1763850247,114232,130848,39,1
2,Payment,1763850247,117132,182083,33,1
2,Payment,1763850247,117645,383575,19,1
2,Payment,1763850247,117645,413223,13,1
1,NewOrder,1763850247,119912,172803,49,1
1,NewOrder,1763850247,128553,365703,0,1
2,Payment,1763850247,131521,281082,36,1
2,Payment,1763850247,140740,300310,46,1
1,NewOrder,1763850247,148296,218748,40,1
4,Delivery,1763850247,149013,153531,14,1
2,Payment,1763850247,149184,328563,7,1
1,NewOrder,1763850247,157122,302872,18,1
5,StockLevel,1763850247,163270,225239,38,1
1,NewOrder,1763850247,167884,322760,42,1
5,StockLevel,1763850247,168631,17473,45,1
4,Delivery,1763850247,172827,92293,8,1
2,Payment,1763850247,176896,418002,11,1
1,NewOrder,1763850247,183843,281251,2,1
2,Payment,1763850247,186137,332494,45,1
1,NewOrder,1763850247,194429,363145,31,1
2,Payment,1763850247,203287,346909,16,1
2,Payment,1763850247,208602,364161,44,1
2,Payment,1763850247,215650,302827,5,1
1,NewOrder,1763850247,215663,513347,12,1
1,NewOrder,1763850247,215893,532149,48,1
4,Delivery,1763850247,226510,287875,28,1
2,Payment,1763850247,235724,720982,32,1
5,StockLevel,1763850247,244949,74132,4,1
4,Delivery,1763850247,245103,505289,39,1
1,NewOrder,1763850247,249582,630564,34,1
1,NewOrder,1763850247,265156,101927,8,1
1,NewOrder,1763850247,274881,415354,6,1
1,NewOrder,1763850247,274898,175691,3,1
1,NewOrder,1763850247,275765,320853,29,1
1,NewOrder,1763850247,276765,563992,35,1
2,Payment,1763850247,277697,391503,43,1
2,Payment,1763850247,292747,664096,49,1
1,NewOrder,1763850247,299001,449044,17,1
1,NewOrder,1763850247,299239,865669,33,1
1,NewOrder,1763850247,302576,452788,14,1
1,NewOrder,1763850247,308496,227896,1,1
1,NewOrder,1763850247,309631,1027783,30,1
1,NewOrder,1763850247,319113,157797,4,1
1,NewOrder,1763850247,332371,350060,37,1
1,NewOrder,1763850247,346041,404709,47,1
2,Payment,1763850247,367113,454298,8,1
2,Payment,1763850247,367118,373924,40,1
1,NewOrder,1763850247,385175,763447,41,1
2,Payment,1763850247,388544,521959,38,1
1,NewOrder,1763850247,398331,356967,25,1
1,NewOrder,1763850247,412639,651669,36,1
1,NewOrder,1763850247,433758,304492,15,1
5,StockLevel,1763850247,440090,224788,9,1
1,NewOrder,1763850247,441082,397967,46,1
1,NewOrder,1763850247,450620,324010,3,1
1,NewOrder,1763850247,456200,383241,26,1
2,Payment,1763850247,460257,378604,18,1
2,Payment,1763850247,465128,107943,2,1
1,NewOrder,1763850247,466012,422434,10,1
2,Payment,1763850247,476940,413764,4,1
1,NewOrder,1763850247,477773,304668,7,1
2,Payment,1763850247,490712,710513,42,1
2,Payment,1763850247,494286,442184,0,1
2,Payment,1763850247,501251,409980,19,1
1,NewOrder,1763850247,514418,236272,28,1
1,NewOrder,1763850247,518511,601706,5,1
2,Payment,1763850247,518647,491137,45,1
5,StockLevel,1763850247,530902,454641,13,1
1,NewOrder,1763850247,536422,302439,1,1
1,NewOrder,1763850247,550229,651846,16,1
2,Payment,1763850247,557641,889743,31,1
2,Payment,1763850247,572798,704324,44,1
2,Payment,1763850247,573092,406842,2,1
2,Payment,1763850247,594937,357801,11,1
1,NewOrder,1763850247,596649,158684,29,1
2,Payment,1763850247,602800,339420,27,1
3,OrderStatus,1763850247,664913,52359,9,1
1,NewOrder,1763850247,669230,415733,43,1
2,Payment,1763850247,682462,497631,37,1
1,NewOrder,1763850247,690276,236856,6,1
2,Payment,1763850247,717309,531591,9,1
1,NewOrder,1763850247,729046,589983,12,1
1,NewOrder,1763850247,738281,403955,15,1
1,NewOrder,1763850247,741078,922642,40,1
2,Payment,1763850247,748014,621574,24,1
2,Payment,1763850247,748067,336804,48,1
2,Payment,1763850247,748071,500780,17,1
1,NewOrder,1763850247,750423,330635,39,1
2,Payment,1763850247,750711,233863,28,1
1,NewOrder,1763850247,750763,498140,47,1
5,StockLevel,1763850247,755333,205946,25,1
1,NewOrder,1763850247,755356,425708,29,1
2,Payment,1763850247,755380,612038,14,1
1,NewOrder,1763850247,774673,374090,3,1
1,NewOrder,1763850247,782473,290204,7,1
1,NewOrder,1763850247,821458,532531,8,1
2,Payment,1763850247,838800,574302,23,1
2,Payment,1763850247,838900,410146,1,1
5,StockLevel,1763850247,838960,415758,18,1
5,StockLevel,1763850247,839066,409785,46,1
1,NewOrder,1763850247,839463,487677,26,1
2,Payment,1763850247,840795,380524,35,1
2,Payment,1763850247,880183,610705,34,1
1,NewOrder,1763850247,888506,334469,10,1
2,Payment,1763850247,890764,441782,4,1
2,Payment,1763850247,910534,383198,38,1
1,NewOrder,1763850247,911257,575569,19,1
1,NewOrder,1763850247,927158,399767,6,1
2,Payment,1763850247,936502,522256,0,1
1,NewOrder,1763850247,942250,193122,27,1
5,StockLevel,1763850247,952769,301378,11,1
2,Payment,1763850247,956741,563514,32,1
1,NewOrder,1763850247,956860,370119,49,1
1,NewOrder,1763850247,956989,506171,21,1
2,Payment,1763850247,961308,517950,25,1
2,Payment,1763850247,979968,491996,2,1
1,NewOrder,1763850247,984804,544927,28,1
3,OrderStatus,1763850247,985577,27757,13,1
1,NewOrder,1763850248,009826,385724,45,1
1,NewOrder,1763850248,013373,496028,13,1
1,NewOrder,1763850248,064338,376778,36,1
2,Payment,1763850248,072710,374493,7,1
2,Payment,1763850248,081090,385470,39,1
2,Payment,1763850248,084912,362344,48,1
4,Delivery,1763850248,084995,462170,43,1
2,Payment,1763850248,120249,342895,5,1
2,Payment,1763850248,135401,407290,27,1
2,Payment,1763850248,142267,406282,15,1
3,OrderStatus,1763850248,148707,51232,41,1
2,Payment,1763850248,148786,338069,3,1
1,NewOrder,1763850248,164933,497516,33,1
1,NewOrder,1763850248,180124,270711,37,1
2,Payment,1763850248,181126,448117,29,1
5,StockLevel,1763850248,199970,320250,41,1
2,Payment,1763850248,201253,494338,42,1
4,Delivery,1763850248,202100,293886,16,1
2,Payment,1763850248,221349,309809,35,1
1,NewOrder,1763850248,223006,272610,10,1
2,Payment,1763850248,248885,266322,46,1
2,Payment,1763850248,248885,330649,17,1
2,Payment,1763850248,248925,233916,9,1
2,Payment,1763850248,248927,230791,47,1
2,Payment,1763850248,249056,257147,1,1
2,Payment,1763850248,254175,276914,11,1
5,StockLevel,1763850248,254741,152553,18,1
1,NewOrder,1763850248,277153,656193,44,1
2,Payment,1763850248,293764,253990,38,1
1,NewOrder,1763850248,319087,163813,12,1
1,NewOrder,1763850248,323274,163612,22,1
1,NewOrder,1763850248,326488,182728,20,1
1,NewOrder,1763850248,326942,204084,6,1
2,Payment,1763850248,326993,208956,49,1
2,Payment,1763850248,327144,329594,26,1
2,Payment,1763850248,332574,187465,4,1
2,Payment,1763850248,337447,370958,30,1
2,Payment,1763850248,354439,280262,8,1
2,Payment,1763850248,367539,180063,14,1
2,Payment,1763850248,369618,155618,24,1
1,NewOrder,1763850248,395612,285746,45,1
1,NewOrder,1763850248,407326,268217,18,1
1,NewOrder,1763850248,413134,148135,23,1
1,NewOrder,1763850248,441146,215210,36,1
1,NewOrder,1763850248,447264,100414,7,1
2,Payment,1763850248,447280,268107,48,1
1,NewOrder,1763850248,447398,127686,31,1
2,Payment,1763850248,450864,321565,37,1
1,NewOrder,1763850248,458791,132064,0,1
2,Payment,1763850248,463180,199268,5,1
2,Payment,1763850248,463187,371440,21,1
2,Payment,1763850248,466591,353111,39,1
2,Payment,1763850248,472016,231754,2,1
2,Payment,1763850248,479290,205668,25,1
2,Payment,1763850248,479741,276502,47,1
1,NewOrder,1763850248,482868,421464,9,1
2,Payment,1763850248,482921,103145,12,1
1,NewOrder,1763850248,486853,165054,19,1
1,NewOrder,1763850248,486876,165218,3,1
1,NewOrder,1763850248,486898,194524,22,1
3,OrderStatus,1763850248,490922,26122,34,1
2,Payment,1763850248,495650,139556,10,1
2,Payment,1763850248,496007,259002,16,1
2,Payment,1763850248,506234,357857,1,1
2,Payment,1763850248,509249,350247,20,1
1,NewOrder,1763850248,509416,172249,13,1
1,NewOrder,1763850248,515245,64394,46,1
1,NewOrder,1763850248,517078,152370,34,1
1,NewOrder,1763850248,520070,514932,4,1
4,Delivery,1763850248,520241,142401,41,1
4,Delivery,1763850248,520267,125756,32,1
2,Payment,1763850248,525279,361666,24,1
1,NewOrder,1763850248,529757,304949,28,1
2,Payment,1763850248,531056,412248,6,1
2,Payment,1763850248,531103,208268,11,1
1,NewOrder,1763850248,531183,131230,35,1
1,NewOrder,1763850248,535985,369717,49,1
2,Payment,1763850248,542720,383530,27,1
3,OrderStatus,1763850248,547217,107563,43,1
2,Payment,1763850248,547619,252013,14,1
5,StockLevel,1763850248,547697,235760,7,1
2,Payment,1763850248,547766,316389,38,1
1,NewOrder,1763850248,548572,166867,15,1
5,StockLevel,1763850248,561297,284887,23,1
2,Payment,1763850248,575118,167275,31,1
1,NewOrder,1763850248,579564,388788,17,1
2,Payment,1763850248,579710,386109,46,1
3,OrderStatus,1763850248,586096,80149,12,1
1,NewOrder,1763850248,590887,571111,0,1
4,Delivery,1763850248,629277,508803,29,1
2,Payment,1763850248,634737,357147,8,1
1,NewOrder,1763850248,635233,270000,10,1
2,Payment,1763850248,646070,154401,32,1
1,NewOrder,1763850248,651943,240256,19,1
2,Payment,1763850248,652111,542325,3,1
5,StockLevel,1763850248,654812,280400,43,1
1,NewOrder,1763850248,656389,388803,36,1
1,NewOrder,1763850248,656765,228463,26,1
1,NewOrder,1763850248,662444,372875,35,1
2,Payment,1763850248,662476,372434,5,1
1,NewOrder,1763850248,662476,358817,33,1
2,Payment,1763850248,662682,344931,41,1
2,Payment,1763850248,663747,403057,40,1
2,Payment,1763850248,666274,340931,12,1
2,Payment,1763850248,669481,397034,34,1
2,Payment,1763850248,675573,331789,18,1
2,Payment,1763850248,681388,326327,45,1
1,NewOrder,1763850248,681444,349653,22,1
1,NewOrder,1763850248,681683,223282,13,1
1,NewOrder,1763850248,684979,577967,25,1
3,OrderStatus,1763850248,695637,6587,42,1
1,NewOrder,1763850248,702278,467593,42,1
1,NewOrder,1763850248,703807,439003,2,1
5,StockLevel,1763850248,708433,429005,30,1
2,Payment,1763850248,715417,350481,48,1
4,Delivery,1763850248,715465,115720,15,1
1,NewOrder,1763850248,739414,217693,11,1
2,Payment,1763850248,742421,388602,31,1
2,Payment,1763850248,755062,311634,16,1
1,NewOrder,1763850248,756282,453775,47,1
2,Payment,1763850248,772471,359553,37,1
2,Payment,1763850248,783493,309580,7,1
2,Payment,1763850248,799680,246336,14,1
2,Payment,1763850248,800504,369362,32,1
2,Payment,1763850248,819739,358460,39,1
1,NewOrder,1763850248,831215,357811,15,1
4,Delivery,1763850248,834696,197395,21,1
2,Payment,1763850248,834731,484789,28,1
3,OrderStatus,1763850248,846220,29178,23,1
1,NewOrder,1763850248,859531,272725,20,1
1,NewOrder,1763850248,864124,431084,1,1
1,NewOrder,1763850248,864178,423833,38,1
2,Payment,1763850248,875431,294422,23,1
1,NewOrder,1763850248,885264,412836,26,1
2,Payment,1763850248,886983,342875,24,1
3,OrderStatus,1763850248,892995,35455,19,1
5,StockLevel,1763850248,904379,174756,9,1
4,Delivery,1763850248,904985,309361,13,1
2,Payment,1763850248,905247,224053,10,1
2,Payment,1763850248,905718,324305,49,1
2,Payment,1763850248,926283,464011,27,1
2,Payment,1763850248,928478,302143,19,1
1,NewOrder,1763850248,933764,280526,44,1
2,Payment,1763850248,935239,317347,43,1
1,NewOrder,1763850248,943338,319244,6,1
2,Payment,1763850248,957301,237186,11,1
2,Payment,1763850248,965848,302768,46,1
1,NewOrder,1763850248,968395,231410,17,1
1,NewOrder,1763850248,991912,305956,8,1
2,Payment,1763850249,007237,219833,12,1
1,NewOrder,1763850249,007375,171243,18,1
1,NewOrder,1763850249,007630,206598,41,1
2,Payment,1763850249,007735,292086,45,1
1,NewOrder,1763850249,021327,273925,33,1
5,StockLevel,1763850249,031129,148075,22,1
1,NewOrder,1763850249,032132,272765,21,1
2,Payment,1763850249,034944,291646,5,1
2,Payment,1763850249,035027,291507,4,1
1,NewOrder,1763850249,035338,252228,35,1
2,Payment,1763850249,045226,264222,36,1
4,Delivery,1763850249,046042,460942,14,1
2,Payment,1763850249,065929,260638,48,1
2,Payment,1763850249,066536,333047,34,1
1,NewOrder,1763850249,066718,228488,16,1
2,Payment,1763850249,066822,213064,40,1
2,Payment,1763850249,079164,275419,9,1
2,Payment,1763850249,093107,307885,7,1
1,NewOrder,1763850249,129331,484267,10,1
3,OrderStatus,1763850249,131054,20714,31,1
2,Payment,1763850249,132053,207028,37,1
1,NewOrder,1763850249,132274,171875,20,1
1,NewOrder,1763850249,137468,166693,30,1
4,Delivery,1763850249,138101,255853,29,1
2,Payment,1763850249,142840,221879,2,1
2,Payment,1763850249,151799,282498,31,1
2,Payment,1763850249,162030,255015,0,1
2,Payment,1763850249,169888,354619,32,1
1,NewOrder,1763850249,169889,173796,23,1
1,NewOrder,1763850249,169898,144018,42,1
2,Payment,1763850249,178231,182360,39,1
1,NewOrder,1763850249,178635,118477,18,1
2,Payment,1763850249,179223,221013,22,1
2,Payment,1763850249,189060,130442,15,1
2,Payment,1763850249,194468,239717,3,1
1,NewOrder,1763850249,194512,132055,11,1
2,Payment,1763850249,199831,205113,17,1
1,NewOrder,1763850249,210086,230756,47,1
2,Payment,1763850249,214260,246521,41,1
2,Payment,1763850249,214315,226536,44,1
3,OrderStatus,1763850249,214362,31638,13,1
1,NewOrder,1763850249,227101,76471,12,1
1,NewOrder,1763850249,229890,1121624,24,1
2,Payment,1763850249,230059,294416,49,1
2,Payment,1763850249,230639,198543,19,1
1,NewOrder,1763850249,246032,118601,13,1
1,NewOrder,1763850249,252618,159694,43,1
2,Payment,1763850249,262614,178188,6,1
2,Payment,1763850249,262963,187906,25,1
1,NewOrder,1763850249,268645,166286,46,1
2,Payment,1763850249,279920,195179,40,1
2,Payment,1763850249,287595,112352,35,1
2,Payment,1763850249,288030,166709,38,1
1,NewOrder,1763850249,295241,273562,1,1
2,Payment,1763850249,295273,246478,33,1
4,Delivery,1763850249,295354,138916,16,1
1,NewOrder,1763850249,297141,347508,18,1
1,NewOrder,1763850249,297889,233149,8,1
1,NewOrder,1763850249,298120,253044,26,1
1,NewOrder,1763850249,299851,154836,45,1
1,NewOrder,1763850249,303603,290403,12,1
5,StockLevel,1763850249,304168,86090,20,1
1,NewOrder,1763850249,304183,317156,30,1
1,NewOrder,1763850249,305116,212862,21,1
2,Payment,1763850249,309480,330415,36,1
1,NewOrder,1763850249,313935,220151,42,1
5,StockLevel,1763850249,319535,352972,15,1
4,Delivery,1763850249,319544,268058,28,1
1,NewOrder,1763850249,326569,186207,4,1
5,StockLevel,1763850249,326583,343636,11,1
1,NewOrder,1763850249,326594,261011,48,1
1,NewOrder,1763850249,326605,173104,5,1
1,NewOrder,1763850249,339112,433165,37,1
1,NewOrder,1763850249,343722,111088,23,1
3,OrderStatus,1763850249,354632,52734,9,1
1,NewOrder,1763850249,360634,401254,39,1
1,NewOrder,1763850249,364681,199676,13,1
1,NewOrder,1763850249,364729,248204,2,1
2,Payment,1763850249,390301,1002163,20,1
2,Payment,1763850249,390328,186342,27,1
1,NewOrder,1763850249,393993,118791,29,1
1,NewOrder,1763850249,399626,233088,34,1
2,Payment,1763850249,399975,422181,35,1
1,NewOrder,1763850249,400261,1128409,22,1
2,Payment,1763850249,401011,156251,7,1
1,NewOrder,1763850249,404980,89589,17,1
2,Payment,1763850249,407404,202588,9,1
2,Payment,1763850249,412353,189203,43,1
2,Payment,1763850249,417085,222889,0,1
1,NewOrder,1763850249,429210,353598,19,1
4,Delivery,1763850249,434214,294620,3,1
1,NewOrder,1763850249,434295,290544,16,1
1,NewOrder,1763850249,434302,159989,31,1
1,NewOrder,1763850249,434952,220820,46,1
1,NewOrder,1763850249,440835,331109,6,1
2,Payment,1763850249,440868,247487,47,1
2,Payment,1763850249,440869,199013,44,1
4,Delivery,1763850249,450906,193838,25,1
2,Payment,1763850249,454715,263634,45,1
2,Payment,1763850249,454752,420957,38,1
1,NewOrder,1763850249,454832,1056052,23,1
1,NewOrder,1763850249,460813,126795,41,1
1,NewOrder,1763850249,475133,286824,40,1
1,NewOrder,1763850249,494603,234274,17,1
1,NewOrder,1763850249,499742,256096,5,1
1,NewOrder,1763850249,507015,80563,14,1
1,NewOrder,1763850249,512802,260421,4,1
1,NewOrder,1763850249,512805,111924,29,1
1,NewOrder,1763850249,518007,1054053,21,1
2,Payment,1763850249,524502,228219,49,1
1,NewOrder,1763850249,524528,110604,32,1
1,NewOrder,1763850249,531069,169228,8,1
2,Payment,1763850249,534114,314384,42,1
1,NewOrder,1763850249,541799,90016,33,1
1,NewOrder,1763850249,551195,61638,26,1
4,Delivery,1763850249,557329,133708,7,1
1,NewOrder,1763850249,564388,84256,13,1
2,Payment,1763850249,568834,290371,1,1
1,NewOrder,1763850249,576705,82549,27,1
2,Payment,1763850249,587608,92230,14,1
2,Payment,1763850249,587622,191384,48,1
1,NewOrder,1763850249,587625,174836,41,1
1,NewOrder,1763850249,587631,112678,28,1
1,NewOrder,1763850249,594039,381641,12,1
2,Payment,1763850249,594313,76122,31,1
2,Payment,1763850249,601587,288895,43,1
1,NewOrder,1763850249,610025,90236,9,1
2,Payment,1763850249,612860,125181,26,1
1,NewOrder,1763850249,612945,148958,2,1
1,NewOrder,1763850249,613620,159644,10,1
5,StockLevel,1763850249,621371,23965,30,1
4,Delivery,1763850249,624760,497114,29,1
4,Delivery,1763850249,631848,435191,33,1
2,Payment,1763850249,632738,92233,34,1
2,Payment,1763850249,635286,125442,32,1
2,Payment,1763850249,639912,296334,44,1
1,NewOrder,1763850249,639917,457091,36,1
3,OrderStatus,1763850249,639991,25848,0,1
1,NewOrder,1763850249,644692,63812,18,1
2,Payment,1763850249,644767,128168,25,1
2,Payment,1763850249,645352,179983,30,1
1,NewOrder,1763850249,648684,113893,13,1
1,NewOrder,1763850249,655800,284578,46,1
3,OrderStatus,1763850249,659282,17532,27,1
2,Payment,1763850249,665880,236818,0,1
2,Payment,1763850249,670249,345446,11,1
2,Payment,1763850249,670456,219992,31,1
2,Payment,1763850249,672540,152215,15,1
2,Payment,1763850249,676844,148524,27,1
1,NewOrder,1763850249,679870,451381,14,1
1,NewOrder,1763850249,688429,327351,47,1
1,NewOrder,1763850249,691343,102955,7,1
1,NewOrder,1763850249,700292,85743,9,1
4,Delivery,1763850249,700319,315706,8,1
1,NewOrder,1763850249,700323,370395,28,1
2,Payment,1763850249,708628,155016,18,1
1,NewOrder,1763850249,718384,464625,45,1
1,NewOrder,1763850249,724873,377014,16,1
1,NewOrder,1763850249,725095,457939,34,1
1,NewOrder,1763850249,728864,402431,3,1
1,NewOrder,1763850249,728898,367267,17,1
2,Payment,1763850249,738068,598001,26,1
5,StockLevel,1763850249,752751,225797,49,1
2,Payment,1763850249,755860,69428,5,1
2,Payment,1763850249,760761,466486,32,1
3,OrderStatus,1763850249,761914,118062,39,1
1,NewOrder,1763850249,761921,330503,2,1
2,Payment,1763850249,761974,220525,40,1
1,NewOrder,1763850249,762474,342749,41,1
1,NewOrder,1763850249,762594,398871,13,1
2,Payment,1763850249,771977,176288,6,1
1,NewOrder,1763850249,772297,268147,37,1
1,NewOrder,1763850249,772958,535143,25,1
1,NewOrder,1763850249,773243,380002,4,1
2,Payment,1763850249,773286,453921,10,1
2,Payment,1763850249,779036,438762,48,1
1,NewOrder,1763850249,782840,251728,19,1
1,NewOrder,1763850249,786108,276141,9,1
2,Payment,1763850249,794328,347862,7,1
1,NewOrder,1763850249,822197,274744,35,1
2,Payment,1763850249,824788,369997,15,1
1,NewOrder,1763850249,825321,283729,5,1
1,NewOrder,1763850249,825351,363464,30,1
2,Payment,1763850249,825406,561880,27,1
2,Payment,1763850249,848548,369617,42,1
1,NewOrder,1763850249,859238,269200,1,1
1,NewOrder,1763850249,863776,594956,18,1
2,Payment,1763850249,875743,288027,38,1
2,Payment,1763850249,880017,334151,39,1
2,Payment,1763850249,890489,386100,31,1
1,NewOrder,1763850249,890513,214710,43,1
4,Delivery,1763850249,902725,109248,0,1
1,NewOrder,1763850249,936283,241520,44,1
1,NewOrder,1763850249,940416,523931,46,1
2,Payment,1763850249,948311,247210,6,1
1,NewOrder,1763850249,975717,147746,12,1
1,NewOrder,1763850249,978584,368722,49,1
2,Payment,1763850249,982533,294054,40,1
2,Payment,1763850250,012006,205983,0,1
3,OrderStatus,1763850250,015728,36116,11,1
4,Delivery,1763850250,015802,347960,47,1
1,NewOrder,1763850250,016043,390177,8,1
2,Payment,1763850250,034594,476293,19,1
1,NewOrder,1763850250,040472,423880,37,1
1,NewOrder,1763850250,051879,340901,11,1
2,Payment,1763850250,062280,374421,9,1
2,Payment,1763850250,067067,261660,33,1
2,Payment,1763850250,070748,419320,28,1
1,NewOrder,1763850250,092485,337547,2,1
1,NewOrder,1763850250,096197,260822,17,1
2,Payment,1763850250,096964,412767,35,1
4,Delivery,1763850250,097030,229124,36,1
2,Payment,1763850250,101916,455533,16,1
1,NewOrder,1763850250,105254,324668,41,1
1,NewOrder,1763850250,105254,405702,43,1
2,Payment,1763850250,109093,379608,5,1
5,StockLevel,1763850250,121906,175347,29,1
2,Payment,1763850250,123489,322928,12,1
2,Payment,1763850250,128468,335903,1,1
1,NewOrder,1763850250,131282,261298,14,1
2,Payment,1763850250,131304,377593,3,1
2,Payment,1763850250,142231,375698,7,1
1,NewOrder,1763850250,153277,264834,4,1
2,Payment,1763850250,161504,306762,13,1
2,Payment,1763850250,163808,496815,38,1
1,NewOrder,1763850250,177843,269269,44,1
2,Payment,1763850250,183034,327185,45,1
1,NewOrder,1763850250,183054,762412,34,1
1,NewOrder,1763850250,188855,299645,30,1
1,NewOrder,1763850250,194836,1083175,15,1
1,NewOrder,1763850250,195558,652053,6,1
2,Payment,1763850250,214204,514824,39,1
1,NewOrder,1763850250,217838,558424,48,1
2,Payment,1763850250,218019,330999,0,1
1,NewOrder,1763850250,218203,290962,42,1
2,Payment,1763850250,227241,282406,10,1
3,OrderStatus,1763850250,227274,113214,32,1
2,Payment,1763850250,276633,296277,40,1
1,NewOrder,1763850250,276641,263632,31,1
1,NewOrder,1763850250,297318,449804,29,1
2,Payment,1763850250,308166,534196,25,1
1,NewOrder,1763850250,326186,598722,36,1
1,NewOrder,1763850250,328754,101167,33,1
1,NewOrder,1763850250,336108,411095,26,1
5,StockLevel,1763850250,340522,318685,32,1
2,Payment,1763850250,347338,484237,49,1
2,Payment,1763850250,351544,371160,24,1
2,Payment,1763850250,357050,1067478,17,1
1,NewOrder,1763850250,363791,306012,47,1
5,StockLevel,1763850250,387324,129257,27,1
1,NewOrder,1763850250,392498,869545,20,1
2,Payment,1763850250,392608,179481,14,1
4,Delivery,1763850250,392801,246033,11,1
1,NewOrder,1763850250,406251,293540,8,1
2,Payment,1763850250,418139,309310,4,1
1,NewOrder,1763850250,429956,470851,41,1
5,StockLevel,1763850250,429958,431737,33,1
1,NewOrder,1763850250,430047,528080,2,1
1,NewOrder,1763850250,436838,303216,9,1
1,NewOrder,1763850250,446451,458629,12,1
1,NewOrder,1763850250,447132,346149,44,1
4,Delivery,1763850250,458761,617393,18,1
2,Payment,1763850250,464381,424554,46,1
1,NewOrder,1763850250,464381,515181,37,1
1,NewOrder,1763850250,465053,458657,1,1
1,NewOrder,1763850250,468294,432929,13,1
2,Payment,1763850250,488530,534574,30,1
1,NewOrder,1763850250,488720,215844,5,1
2,Payment,1763850250,490090,391396,28,1
1,NewOrder,1763850250,508927,455547,3,1
1,NewOrder,1763850250,509191,392749,42,1
2,Payment,1763850250,509693,435554,10,1
2,Payment,1763850250,509756,549817,35,1
2,Payment,1763850250,510235,402305,45,1
1,NewOrder,1763850250,510903,339942,19,1
4,Delivery,1763850250,510909,541869,23,1
2,Payment,1763850250,510967,428782,43,1
1,NewOrder,1763850250,516612,588638,27,1
2,Payment,1763850250,517958,383347,7,1
2,Payment,1763850250,528704,810132,22,1
1,NewOrder,1763850250,540307,681220,31,1
1,NewOrder,1763850250,549058,323423,0,1
1,NewOrder,1763850250,557488,2361204,16,1
1,NewOrder,1763850250,572109,392345,21,1
3,OrderStatus,1763850250,572109,50680,14,1
5,StockLevel,1763850250,572947,352555,40,1
1,NewOrder,1763850250,622832,528251,14,1
1,NewOrder,1763850250,638875,465763,11,1
2,Payment,1763850250,659240,759564,32,1
1,NewOrder,1763850250,660711,303108,38,1
1,NewOrder,1763850250,669845,376929,47,1
2,Payment,1763850250,699829,245009,8,1
2,Payment,1763850250,704733,298195,5,1
1,NewOrder,1763850250,722744,1082370,24,1
2,Payment,1763850250,727484,295227,4,1
1,NewOrder,1763850250,729062,538203,39,1
1,NewOrder,1763850250,740094,482305,9,1
1,NewOrder,1763850250,747163,275611,29,1
1,NewOrder,1763850250,747237,356709,26,1
1,NewOrder,1763850250,776305,357621,48,1
2,Payment,1763850250,793376,295113,44,1
1,NewOrder,1763850250,831615,417314,49,1
2,Payment,1763850250,842405,328973,25,1
1,NewOrder,1763850250,847666,353997,6,1
1,NewOrder,1763850250,850882,1788892,19,1
1,NewOrder,1763850250,861728,359655,33,1
1,NewOrder,1763850250,872534,861771,0,1
2,Payment,1763850250,881524,343343,28,1
1,NewOrder,1763850250,888971,332538,46,1
2,Payment,1763850250,900844,291183,41,1
1,NewOrder,1763850250,901244,293793,13,1
2,Payment,1763850250,901328,465233,7,1
3,OrderStatus,1763850250,901958,44146,42,1
1,NewOrder,1763850250,905117,580411,12,1
2,Payment,1763850250,912572,377141,45,1
1,NewOrder,1763850250,923746,252660,1,1
1,NewOrder,1763850250,924936,327658,36,1
2,Payment,1763850250,925520,295790,40,1
5,StockLevel,1763850250,939786,224141,43,1
1,NewOrder,1763850250,944880,322424,8,1
2,Payment,1763850250,945269,866997,10,1
1,NewOrder,1763850250,945487,332450,34,1
4,Delivery,1763850250,946119,229553,42,1
4,Delivery,1763850250,958162,401683,2,1
3,OrderStatus,1763850250,963854,61513,38,1
2,Payment,1763850250,964477,2265722,21,1
1,NewOrder,1763850250,964498,250778,3,1
1,NewOrder,1763850250,979599,242261,37,1
2,Payment,1763850251,003004,707472,5,1
1,NewOrder,1763850251,022743,230128,4,1
2,Payment,1763850251,022795,255501,29,1
2,Payment,1763850251,023119,747717,30,1
2,Payment,1763850251,025400,308908,38,1
2,Payment,1763850251,046806,292228,47,1
1,NewOrder,1763850251,052819,1168935,23,1
1,NewOrder,1763850251,059609,1321419,35,1
2,Payment,1763850251,076194,2209820,18,1
2,Payment,1763850251,088520,189870,44,1
3,OrderStatus,1763850251,103977,19864,26,1
2,Payment,1763850251,104681,970286,11,1
1,NewOrder,1763850251,105302,1271789,27,1
1,NewOrder,1763850251,125296,687512,26,1
2,Payment,1763850251,133958,543638,48,1
5,StockLevel,1763850251,151115,495718,14,1
2,Payment,1763850251,163959,153413,43,1
1,NewOrder,1763850251,171409,695934,25,1
2,Payment,1763850251,175705,306752,42,1
2,Payment,1763850251,176438,665919,1,1
2,Payment,1763850251,192059,481354,41,1
1,NewOrder,1763850251,195068,2035007,13,1
2,Payment,1763850251,201695,605645,6,1
1,NewOrder,1763850251,215307,1706397,3,1
5,StockLevel,1763850251,221344,597551,40,1
1,NewOrder,1763850251,221407,1697286,33,1
2,Payment,1763850251,221527,644881,46,1
2,Payment,1763850251,221541,646045,31,1
2,Payment,1763850251,221876,1366476,37,1
1,NewOrder,1763850251,222412,1365812,9,1
2,Payment,1763850251,224894,2007018,28,1
2,Payment,1763850251,248959,1983039,49,1
1,NewOrder,1763850251,252623,1273869,36,1
1,NewOrder,1763850251,252892,2210308,4,1
1,NewOrder,1763850251,262074,1168282,20,1
2,Payment,1763850251,267295,1709760,39,1
2,Payment,1763850251,267326,2251720,8,1
1,NewOrder,1763850251,277970,1308514,34,1
2,Payment,1763850251,278032,2219519,15,1
2,Payment,1763850251,278308,2287085,29,1
2,Payment,1763850251,278407,498360,44,1
2,Payment,1763850251,289743,2174351,45,1
1,NewOrder,1763850251,317408,1535264,43,1
1,NewOrder,1763850251,334354,2170641,38,1
1,NewOrder,1763850251,339076,2276033,47,1
1,NewOrder,1763850251,340154,2232350,22,1
1,NewOrder,1763850251,359893,2004595,2,1
1,NewOrder,1763850251,366607,1863192,7,1
2,Payment,1763850251,418857,1817005,32,1
1,NewOrder,1763850251,424568,2291499,17,1
2,Payment,1763850251,482501,1494529,42,1
2,Payment,1763850251,485568,2011898,12,1
1,NewOrder,1763850251,646880,1330753,14,1
2,Payment,1763850251,673456,1556607,41,1
2,Payment,1763850251,677640,2007584,48,1
5,StockLevel,1763850251,710524,418060,5,1
1,NewOrder,1763850251,734353,596895,0,1
2,Payment,1763850251,770885,1720747,30,1
1,NewOrder,1763850251,776814,1808971,44,1
2,Payment,1763850251,805158,1784964,24,1
2,Payment,1763850251,807382,1741610,6,1
2,Payment,1763850251,812310,1719298,10,1
1,NewOrder,1763850251,812829,1814926,26,1
2,Payment,1763850251,818933,1804184,40,1
2,Payment,1763850251,842396,1706249,1,1
2,Payment,1763850251,866453,1915542,46,1
1,NewOrder,1763850251,867378,1803594,25,1
2,Payment,1763850251,867606,1690257,31,1
2,Payment,1763850252,075002,1497732,11,1
5,StockLevel,1763850252,128629,97069,5,1
1,NewOrder,1763850252,221791,1326450,23,1
2,Payment,1763850252,225736,1419971,5,1
2,Payment,1763850252,331294,1242281,0,1
3,OrderStatus,1763850252,377126,594110,27,1
3,OrderStatus,1763850252,381065,541980,35,1
2,Payment,1763850252,430396,1193287,20,1
1,NewOrder,1763850252,526533,1017107,36,1
1,NewOrder,1763850252,586537,1132551,34,1
5,StockLevel,1763850252,588268,1165696,9,1
4,Delivery,1763850252,588394,1019959,37,1
1,NewOrder,1763850252,639833,942893,19,1
1,NewOrder,1763850252,852709,700809,43,1
1,NewOrder,1763850252,918729,795220,33,1
4,Delivery,1763850252,918731,263030,16,1
1,NewOrder,1763850252,921740,844906,3,1
1,NewOrder,1763850252,923075,574386,35,1
1,NewOrder,1763850252,971267,679736,27,1
2,Payment,1763850252,977071,725285,42,1
1,NewOrder,1763850252,977100,571716,39,1
1,NewOrder,1763850252,977667,797742,14,1
2,Payment,1763850253,181810,597686,16,1
2,Payment,1763850253,229843,464842,7,1
1,NewOrder,1763850253,230095,837353,41,1
2,Payment,1763850253,230104,617503,13,1
1,NewOrder,1763850253,230217,564801,21,1
2,Payment,1763850253,231938,482012,28,1
1,NewOrder,1763850253,232021,419317,49,1
1,NewOrder,1763850253,235898,689679,32,1
1,NewOrder,1763850253,286044,372146,18,1
1,NewOrder,1763850253,364528,294522,2,1
1,NewOrder,1763850253,463235,230200,4,1
2,Payment,1763850253,464118,397597,45,1
1,NewOrder,1763850253,492024,150370,30,1
1,NewOrder,1763850253,497503,269463,35,1
1,NewOrder,1763850253,497503,194822,12,1
1,NewOrder,1763850253,497593,484155,15,1
1,NewOrder,1763850253,505041,96508,38,1
2,Payment,1763850253,519098,221611,8,1
1,NewOrder,1763850253,531730,220766,10,1
2,Payment,1763850253,543707,239259,36,1
2,Payment,1763850253,548417,308167,23,1
2,Payment,1763850253,548756,246271,1,1
1,NewOrder,1763850253,548843,458501,39,1
1,NewOrder,1763850253,549013,445011,6,1
1,NewOrder,1763850253,553558,566009,43,1
1,NewOrder,1763850253,557905,207289,31,1
2,Payment,1763850253,565429,213931,29,1
2,Payment,1763850253,572540,364228,22,1
3,OrderStatus,1763850253,572754,81206,11,1
1,NewOrder,1763850253,573594,411661,0,1
5,StockLevel,1763850253,582759,193116,19,1
2,Payment,1763850253,585818,609377,44,1
2,Payment,1763850253,590202,418166,24,1
2,Payment,1763850253,601568,593900,38,1
1,NewOrder,1763850253,608386,391615,37,1
4,Delivery,1763850253,615139,541856,47,1
2,Payment,1763850253,623148,1241540,40,1
1,NewOrder,1763850253,623706,2955363,20,1
2,Payment,1763850253,627789,282581,26,1
2,Payment,1763850253,642426,314978,30,1
2,Payment,1763850253,645732,432759,5,1
2,Payment,1763850253,651034,307970,27,1
1,NewOrder,1763850253,651360,411859,49,1
3,OrderStatus,1763850253,653990,98608,11,1
1,NewOrder,1763850253,658220,510986,18,1
1,NewOrder,1763850253,659071,505666,2,1
3,OrderStatus,1763850253,671005,63923,25,1
1,NewOrder,1763850253,685250,733348,48,1
2,Payment,1763850253,692347,200477,12,1
2,Payment,1763850253,693463,1171242,4,1
2,Payment,1763850253,694714,431510,7,1
2,Payment,1763850253,702387,2140653,42,1
2,Payment,1763850253,713986,314633,33,1
2,Payment,1763850253,713989,306398,28,1
1,NewOrder,1763850253,716093,386292,17,1
1,NewOrder,1763850253,719121,2729696,34,1
2,Payment,1763850253,734961,362546,25,1
1,NewOrder,1763850253,740739,1561167,8,1
1,NewOrder,1763850253,752527,473535,10,1
1,NewOrder,1763850253,752621,290832,11,1
1,NewOrder,1763850253,753988,673652,9,1
1,NewOrder,1763850253,765227,661219,31,1
5,StockLevel,1763850253,766695,385637,3,1
1,NewOrder,1763850253,766983,401114,35,1
3,OrderStatus,1763850253,775454,98170,14,1
2,Payment,1763850253,775897,419645,19,1
2,Payment,1763850253,779453,386264,29,1
1,NewOrder,1763850253,779520,2565425,16,1
1,NewOrder,1763850253,782021,646167,46,1
1,NewOrder,1763850253,782983,2600657,36,1
1,NewOrder,1763850253,795053,431129,21,1
1,NewOrder,1763850253,795057,2508726,1,1
1,NewOrder,1763850253,847637,234791,13,1
4,Delivery,1763850253,856613,2437206,23,1
1,NewOrder,1763850253,861749,1914266,45,1
2,Payment,1763850253,873697,553611,14,1
1,NewOrder,1763850253,892854,2342845,12,1
2,Payment,1763850253,910401,298229,26,1
1,NewOrder,1763850253,925611,242365,32,1
2,Payment,1763850253,936800,2695727,22,1
5,StockLevel,1763850253,957433,2310566,30,1
2,Payment,1763850253,959027,469881,27,1
2,Payment,1763850253,981783,2428341,15,1
2,Payment,1763850253,985286,2368314,0,1
5,StockLevel,1763850253,994058,1604638,6,1
2,Payment,1763850254,000028,2448662,37,1
2,Payment,1763850254,007374,2512947,39,1
1,NewOrder,1763850254,008396,2740892,24,1
1,NewOrder,1763850254,020425,2364549,28,1
1,NewOrder,1763850254,028670,836035,33,1
2,Payment,1763850254,043485,2265728,11,1
1,NewOrder,1763850254,063248,801462,49,1
1,NewOrder,1763850254,067482,2381317,41,1
1,NewOrder,1763850254,078523,2091273,5,1
2,Payment,1763850254,082460,2301979,13,1
2,Payment,1763850254,097539,2388455,25,1
1,NewOrder,1763850254,102412,2070373,17,1
2,Payment,1763850254,119597,2753451,43,1
1,NewOrder,1763850254,126253,1472003,7,1
2,Payment,1763850254,152361,2318789,3,1
1,NewOrder,1763850254,157024,270312,47,1
1,NewOrder,1763850254,164772,2004836,2,1
1,NewOrder,1763850254,165741,2073287,29,1
1,NewOrder,1763850254,168025,552069,32,1
5,StockLevel,1763850254,168110,2282887,35,1
1,NewOrder,1763850254,169232,695558,18,1
4,Delivery,1763850254,195223,2447775,44,1
2,Payment,1763850254,195491,2446230,38,1
3,OrderStatus,1763850254,195558,43802,19,1
1,NewOrder,1763850254,208715,2136835,26,1
1,NewOrder,1763850254,226098,2026665,10,1
1,NewOrder,1763850254,226188,2659208,21,1
1,NewOrder,1763850254,239392,2425051,19,1
5,StockLevel,1763850254,418628,2058517,48,1
2,Payment,1763850254,426489,2089386,31,1
2,Payment,1763850254,427338,2022694,14,1
1,NewOrder,1763850254,427369,1558418,47,1
1,NewOrder,1763850254,427681,2021131,9,1
1,NewOrder,1763850254,428213,2020607,46,1
2,Payment,1763850254,428936,2103815,27,1
2,Payment,1763850254,720127,1842766,32,1
1,NewOrder,1763850254,864729,1981638,40,1
4,Delivery,1763850254,864730,1783875,49,1
1,NewOrder,1763850254,864742,1833038,4,1
1,NewOrder,1763850254,864785,1835190,33,1
5,StockLevel,1763850254,864805,1404157,18,1
3,OrderStatus,1763850255,301954,447565,8,1
2,Payment,1763850255,598290,922066,7,1
1,NewOrder,1763850255,598724,1061785,6,1
2,Payment,1763850255,749569,1087672,8,1
1,NewOrder,1763850255,776120,1081835,45,1
2,Payment,1763850255,843081,1099727,42,1
2,Payment,1763850255,985950,909741,47,1
1,NewOrder,1763850256,169646,540534,2,1
1,NewOrder,1763850256,169824,530779,5,1
1,NewOrder,1763850256,172821,490984,17,1
2,Payment,1763850256,235745,284615,12,1
1,NewOrder,1763850256,239074,514801,29,1
2,Payment,1763850256,252810,334128,10,1
1,NewOrder,1763850256,268048,419535,30,1
4,Delivery,1763850256,268997,429335,18,1
1,NewOrder,1763850256,293863,573805,23,1
2,Payment,1763850256,303835,436500,1,1
1,NewOrder,1763850256,309495,557753,11,1
2,Payment,1763850256,344979,360218,16,1
1,NewOrder,1763850256,345577,424512,26,1
1,NewOrder,1763850256,353637,366848,0,1
1,NewOrder,1763850256,383858,474045,36,1
5,StockLevel,1763850256,384469,570388,13,1
1,NewOrder,1763850256,384999,461376,28,1
1,NewOrder,1763850256,410150,436105,15,1
1,NewOrder,1763850256,448724,397674,37,1
1,NewOrder,1763850256,448814,824758,41,1
1,NewOrder,1763850256,448837,576330,46,1
2,Payment,1763850256,448842,418396,9,1
2,Payment,1763850256,448844,418584,34,1
4,Delivery,1763850256,450056,649628,14,1
2,Payment,1763850256,451018,446332,35,1
1,NewOrder,1763850256,471190,352055,3,1
1,NewOrder,1763850256,477186,558837,48,1
5,StockLevel,1763850256,486032,214254,25,1
2,Payment,1763850256,515926,393408,31,1
1,NewOrder,1763850256,520369,346975,39,1
2,Payment,1763850256,520379,378936,12,1
1,NewOrder,1763850256,520411,413236,7,1
2,Payment,1763850256,532800,344347,27,1
1,NewOrder,1763850256,562937,487348,32,1
1,NewOrder,1763850256,579109,288418,20,1
2,Payment,1763850256,586972,362441,10,1
1,NewOrder,1763850256,632557,235028,22,1
2,Payment,1763850256,641751,302168,38,1
2,Payment,1763850256,643027,679742,44,1
2,Payment,1763850256,648634,432229,49,1
5,StockLevel,1763850256,660538,210989,6,1
2,Payment,1763850256,663831,252152,17,1
5,StockLevel,1763850256,664469,107768,19,1
4,Delivery,1763850256,687614,158749,30,1
2,Payment,1763850256,697830,149374,4,1
4,Delivery,1763850256,698358,198010,18,1
1,NewOrder,1763850256,700002,454304,33,1
2,Payment,1763850256,700305,242628,25,1
3,OrderStatus,1763850256,700617,83420,5,1
1,NewOrder,1763850256,705227,376359,16,1
4,Delivery,1763850256,710230,334545,2,1
2,Payment,1763850256,720516,156278,0,1
2,Payment,1763850256,740363,163706,1,1
1,NewOrder,1763850256,749316,146387,24,1
2,Payment,1763850256,753906,236270,29,1
1,NewOrder,1763850256,770119,330103,26,1
2,Payment,1763850256,772265,428530,19,1
1,NewOrder,1763850256,784071,131881,5,1
2,Payment,1763850256,823281,119309,3,1
1,NewOrder,1763850256,837275,86995,8,1
2,Payment,1763850256,846288,410040,15,1
1,NewOrder,1763850256,846381,403759,40,1
1,NewOrder,1763850256,846392,217310,28,1
2,Payment,1763850256,846392,354451,30,1
1,NewOrder,1763850256,846411,312207,37,1
2,Payment,1763850256,847223,124861,4,1
5,StockLevel,1763850256,857928,225541,36,1
2,Payment,1763850256,857979,266601,45,1
2,Payment,1763850256,867272,99468,9,1
2,Payment,1763850256,867274,134023,11,1
1,NewOrder,1763850256,867395,178120,39,1
2,Payment,1763850256,867441,364624,34,1
1,NewOrder,1763850256,867538,91357,20,1
1,NewOrder,1763850256,867601,51133,22,1
1,NewOrder,1763850256,867680,56378,23,1
2,Payment,1763850256,871559,126616,6,1
4,Delivery,1763850256,873078,226879,43,1
1,NewOrder,1763850256,876828,213297,0,1
1,NewOrder,1763850256,877165,251596,27,1
2,Payment,1763850256,885426,114053,21,1
4,Delivery,1763850256,895722,116029,47,1
1,NewOrder,1763850256,895723,250690,24,1
1,NewOrder,1763850256,896382,131128,18,1
2,Payment,1763850256,897366,310396,35,1
1,NewOrder,1763850256,899340,497682,12,1
2,Payment,1763850256,904101,224697,1,1
1,NewOrder,1763850256,909364,620343,31,1
1,NewOrder,1763850256,916011,511883,17,1
2,Payment,1763850256,916115,124141,5,1
1,NewOrder,1763850256,918769,313312,22,1
2,Payment,1763850256,924092,383035,23,1
1,NewOrder,1763850256,924292,214475,8,1
2,Payment,1763850256,934717,372234,7,1
1,NewOrder,1763850256,942623,132733,3,1
1,NewOrder,1763850256,942823,667497,42,1
2,Payment,1763850256,942943,268891,25,1
1,NewOrder,1763850256,943940,463663,38,1
1,NewOrder,1763850256,949442,363307,10,1
1,NewOrder,1763850256,954896,263473,13,1
3,OrderStatus,1763850256,958926,53076,20,1
1,NewOrder,1763850256,966774,261867,9,1
1,NewOrder,1763850256,972116,284481,4,1
2,Payment,1763850256,990206,281024,29,1
1,NewOrder,1763850256,998209,222817,6,1
5,StockLevel,1763850256,999509,186366,21,1
1,NewOrder,1763850257,001329,298623,11,1
4,Delivery,1763850257,011783,184137,47,1
1,NewOrder,1763850257,012023,404298,20,1
1,NewOrder,1763850257,025229,402828,46,1
2,Payment,1763850257,027541,435760,18,1
1,NewOrder,1763850257,036084,243454,48,1
2,Payment,1763850257,040861,303254,5,1
2,Payment,1763850257,044808,382910,2,1
1,NewOrder,1763850257,045537,281076,39,1
1,NewOrder,1763850257,050311,377195,32,1
5,StockLevel,1763850257,063734,69662,28,1
1,NewOrder,1763850257,075396,279542,3,1
1,NewOrder,1763850257,081128,175196,49,1
1,NewOrder,1763850257,081618,347900,16,1
4,Delivery,1763850257,083496,243118,36,1
2,Payment,1763850257,090157,367280,0,1
2,Payment,1763850257,099716,336062,14,1
1,NewOrder,1763850257,099977,357500,43,1
5,StockLevel,1763850257,100234,216519,26,1
2,Payment,1763850257,124959,370159,45,1
1,NewOrder,1763850257,128789,365904,27,1
2,Payment,1763850257,128821,400723,1,1
1,NewOrder,1763850257,133425,329945,28,1
1,NewOrder,1763850257,138803,423697,8,1
1,NewOrder,1763850257,146445,398013,24,1
1,NewOrder,1763850257,154337,267089,33,1
2,Payment,1763850257,158648,281660,37,1
2,Payment,1763850257,185911,406372,21,1
2,Payment,1763850257,195945,366467,47,1
2,Payment,1763850257,200838,344617,19,1
1,NewOrder,1763850257,200885,194225,30,1
1,NewOrder,1763850257,207806,536142,35,1
2,Payment,1763850257,211863,350547,25,1
2,Payment,1763850257,218397,303688,13,1
1,NewOrder,1763850257,221178,214397,6,1
1,NewOrder,1763850257,228698,689917,9,1
3,OrderStatus,1763850257,232103,29095,34,1
1,NewOrder,1763850257,232112,221938,22,1
2,Payment,1763850257,250167,437571,40,1
1,NewOrder,1763850257,256366,602890,49,1
2,Payment,1763850257,256372,388884,15,1
1,NewOrder,1763850257,256608,464579,4,1
1,NewOrder,1763850257,261241,173539,34,1
2,Payment,1763850257,271338,409580,29,1
1,NewOrder,1763850257,273600,166997,41,1
1,NewOrder,1763850257,279565,463065,48,1
4,Delivery,1763850257,299989,178020,11,1
4,Delivery,1763850257,307000,388462,7,1
4,Delivery,1763850257,307148,514937,23,1
1,NewOrder,1763850257,312792,430026,10,1
1,NewOrder,1763850257,316787,497668,26,1
1,NewOrder,1763850257,322803,533289,44,1
1,NewOrder,1763850257,326640,434415,39,1
1,NewOrder,1763850257,326640,256914,36,1
2,Payment,1763850257,344147,597547,5,1
2,Payment,1763850257,354970,418091,3,1
1,NewOrder,1763850257,395147,290728,30,1
4,Delivery,1763850257,397055,411885,12,1
1,NewOrder,1763850257,407635,189014,38,1
2,Payment,1763850257,416353,231572,20,1
1,NewOrder,1763850257,421454,247272,33,1
1,NewOrder,1763850257,427542,247897,32,1
5,StockLevel,1763850257,427740,346128,2,1
1,NewOrder,1763850257,427906,463632,17,1
2,Payment,1763850257,428073,503962,46,1
1,NewOrder,1763850257,429547,538394,16,1
2,Payment,1763850257,435108,308647,34,1
3,OrderStatus,1763850257,435592,74192,6,1
5,StockLevel,1763850257,435802,270091,14,1
2,Payment,1763850257,440338,357698,37,1
1,NewOrder,1763850257,440619,427353,41,1
2,Payment,1763850257,454078,242186,22,1
4,Delivery,1763850257,457467,104263,0,1
3,OrderStatus,1763850257,457486,119538,43,1
2,Payment,1763850257,463331,564119,18,1
2,Payment,1763850257,463393,395318,28,1
2,Payment,1763850257,478038,310273,11,1
2,Payment,1763850257,494724,422783,27,1
4,Delivery,1763850257,495144,235116,45,1
2,Payment,1763850257,509812,459357,6,1
2,Payment,1763850257,522117,346944,13,1
2,Payment,1763850257,529576,273011,1,1
2,Payment,1763850257,529723,272864,31,1
1,NewOrder,1763850257,544486,324424,24,1
2,Payment,1763850257,545481,511517,19,1
2,Payment,1763850257,561762,284344,0,1
2,Payment,1763850257,562432,385568,47,1
2,Payment,1763850257,562502,379573,25,1
2,Payment,1763850257,563157,443982,8,1
2,Payment,1763850257,577053,350268,43,1
1,NewOrder,1763850257,583577,358158,36,1
2,Payment,1763850257,592316,397014,21,1
2,Payment,1763850257,596688,371320,38,1
5,StockLevel,1763850257,610350,271590,42,1
2,Payment,1763850257,645289,459918,15,1
1,NewOrder,1763850257,647949,314494,20,1
2,Payment,1763850257,668760,263345,33,1
2,Payment,1763850257,675467,367756,32,1
1,NewOrder,1763850257,680947,420198,29,1
1,NewOrder,1763850257,685906,447943,30,1
2,Payment,1763850257,687767,329564,40,1
2,Payment,1763850257,695494,348259,7,1
1,NewOrder,1763850257,696291,463378,22,1
2,Payment,1763850257,705921,226112,14,1
2,Payment,1763850257,721221,216848,4,1
2,Payment,1763850257,730291,252755,45,1
1,NewOrder,1763850257,742688,453485,48,1
5,StockLevel,1763850257,742835,177292,10,1
1,NewOrder,1763850257,743778,427515,34,1
1,NewOrder,1763850257,743963,198062,35,1
2,Payment,1763850257,761088,240219,39,1
2,Payment,1763850257,773101,212061,3,1
1,NewOrder,1763850257,773893,355118,2,1
3,OrderStatus,1763850257,788351,52433,11,1
1,NewOrder,1763850257,798064,335486,37,1
1,NewOrder,1763850257,802619,299645,1,1
2,Payment,1763850257,802619,397886,31,1
2,Payment,1763850257,808974,230090,12,1
2,Payment,1763850257,814494,337737,26,1
2,Payment,1763850257,822124,382262,23,1
1,NewOrder,1763850257,840819,318477,11,1
5,StockLevel,1763850257,846141,81911,0,1
5,StockLevel,1763850257,856126,245673,44,1
2,Payment,1763850257,858838,317453,28,1
2,Payment,1763850257,859280,373650,49,1
1,NewOrder,1763850257,868009,265852,41,1
2,Payment,1763850257,868933,351702,24,1
1,NewOrder,1763850257,869083,268438,13,1
1,NewOrder,1763850257,881978,352994,42,1
1,NewOrder,1763850257,891570,305005,17,1
2,Payment,1763850257,917541,292137,27,1
4,Delivery,1763850257,918640,413060,9,1
1,NewOrder,1763850257,920153,238688,10,1
2,Payment,1763850257,927353,484592,43,1
1,NewOrder,1763850257,928076,155162,0,1
1,NewOrder,1763850257,932063,141155,46,1
2,Payment,1763850257,932064,270905,14,1
5,StockLevel,1763850257,932113,746034,33,1
2,Payment,1763850257,938093,221395,4,1
2,Payment,1763850257,941726,126409,5,1
1,NewOrder,1763850257,941750,261337,36,1
2,Payment,1763850257,942046,281982,35,1
1,NewOrder,1763850257,942096,754622,25,1
2,Payment,1763850257,948027,336707,47,1
1,NewOrder,1763850257,962475,129975,20,1
5,StockLevel,1763850257,967970,711635,16,1
1,NewOrder,1763850257,968021,145379,38,1
2,Payment,1763850257,969205,194764,6,1
1,NewOrder,1763850257,983085,774081,45,1
2,Payment,1763850257,985205,210339,3,1
1,NewOrder,1763850257,989375,769792,21,1
1,NewOrder,1763850258,001353,676100,39,1
4,Delivery,1763850258,007182,867585,8,1
1,NewOrder,1763850258,017375,741355,40,1
3,OrderStatus,1763850258,027531,23994,18,1
1,NewOrder,1763850258,039097,278145,12,1
1,NewOrder,1763850258,043253,849574,32,1
1,NewOrder,1763850258,043773,714164,7,1
2,Payment,1763850258,051552,183138,18,1
1,NewOrder,1763850258,057030,147674,19,1
1,NewOrder,1763850258,068166,620584,5,1
1,NewOrder,1763850258,073250,683910,46,1
2,Payment,1763850258,083274,149166,0,1
2,Payment,1763850258,092479,788802,20,1
1,NewOrder,1763850258,101280,280013,29,1
5,StockLevel,1763850258,101820,21776,44,1
2,Payment,1763850258,102282,309873,1,1
2,Payment,1763850258,105239,167616,15,1
1,NewOrder,1763850258,113432,645272,38,1
1,NewOrder,1763850258,123628,633641,44,1
1,NewOrder,1763850258,129042,656894,2,1
4,Delivery,1763850258,133582,391009,37,1
3,OrderStatus,1763850258,133870,133679,30,1
1,NewOrder,1763850258,133935,624169,41,1
1,NewOrder,1763850258,137546,193927,13,1
1,NewOrder,1763850258,152262,158549,26,1
1,NewOrder,1763850258,158874,598289,10,1
2,Payment,1763850258,159315,733857,11,1
2,Payment,1763850258,159506,733031,4,1
2,Payment,1763850258,159680,742912,22,1
2,Payment,1763850258,163999,728788,6,1
1,NewOrder,1763850258,171325,139470,34,1
2,Payment,1763850258,176322,582494,28,1
1,NewOrder,1763850258,195576,590438,3,1
1,NewOrder,1763850258,196193,555380,48,1
2,Payment,1763850258,196595,130728,17,1
4,Delivery,1763850258,200536,588160,31,1
2,Payment,1763850258,203000,771526,14,1
2,Payment,1763850258,203091,689572,36,1
1,NewOrder,1763850258,204416,207487,23,1
2,Payment,1763850258,204725,207172,19,1
2,Payment,1763850258,209711,682927,27,1
1,NewOrder,1763850258,220687,955148,24,1
1,NewOrder,1763850258,224069,897147,35,1
2,Payment,1763850258,232468,722397,0,1
2,Payment,1763850258,232954,660978,49,1
1,NewOrder,1763850258,234720,657981,18,1
2,Payment,1763850258,234994,657641,42,1
3,OrderStatus,1763850258,267580,90863,30,1
1,NewOrder,1763850258,272888,485581,15,1
1,NewOrder,1763850258,284766,894858,47,1
1,NewOrder,1763850258,310825,508918,34,1
1,NewOrder,1763850258,310828,688371,26,1
1,NewOrder,1763850258,317274,784882,12,1
2,Payment,1763850258,327353,619404,17,1
2,Payment,1763850258,331507,906793,13,1
1,NewOrder,1763850258,331719,802648,9,1
2,Payment,1763850258,358473,602862,30,1
2,Payment,1763850258,381330,798242,29,1
2,Payment,1763850258,411930,595116,19,1
1,NewOrder,1763850258,411965,666753,43,1
2,Payment,1763850258,412171,597827,1,1
1,NewOrder,1763850258,412703,742706,23,1
2,Payment,1763850258,524631,692721,37,1
1,NewOrder,1763850258,677490,441068,39,1
1,NewOrder,1763850258,678176,554149,33,1
2,Payment,1763850258,679640,399078,16,1
2,Payment,1763850258,688797,548440,5,1
2,Payment,1763850258,696767,515956,25,1
2,Payment,1763850258,751615,480637,48,1
1,NewOrder,1763850258,757220,321508,46,1
1,NewOrder,1763850258,757221,317848,45,1
1,NewOrder,1763850258,757223,399618,10,1
1,NewOrder,1763850258,757295,412778,44,1
1,NewOrder,1763850258,757963,400975,7,1
2,Payment,1763850258,758136,490506,41,1
4,Delivery,1763850258,758499,134250,15,1
1,NewOrder,1763850258,758718,412313,38,1
2,Payment,1763850258,758753,468802,40,1
1,NewOrder,1763850258,758846,393829,28,1
2,Payment,1763850258,759192,452636,21,1
2,Payment,1763850258,785976,378901,2,1
2,Payment,1763850258,786031,252560,3,1
1,NewOrder,1763850258,788740,332425,31,1
2,Payment,1763850258,819772,445167,34,1
1,NewOrder,1763850258,874808,317639,8,1
1,NewOrder,1763850258,881324,247320,20,1
1,NewOrder,1763850258,892609,389788,4,1
2,Payment,1763850258,892689,379744,42,1
1,NewOrder,1763850258,892691,485997,36,1
2,Payment,1763850258,892692,345852,27,1
2,Payment,1763850258,892719,276843,18,1
2,Payment,1763850258,892765,344785,15,1
2,Payment,1763850258,892805,376985,6,1
4,Delivery,1763850258,892837,191757,32,1
1,NewOrder,1763850258,893194,310409,11,1
1,NewOrder,1763850258,893965,458397,49,1
2,Payment,1763850258,902637,334314,22,1
1,NewOrder,1763850258,946801,472716,17,1
2,Payment,1763850258,954901,356987,0,1
1,NewOrder,1763850258,961371,750644,30,1
2,Payment,1763850258,974563,294983,14,1
1,NewOrder,1763850258,999232,367739,26,1
2,Payment,1763850259,007078,451502,19,1
2,Payment,1763850259,010030,352590,1,1
5,StockLevel,1763850259,038625,133304,3,1
2,Payment,1763850259,075106,319103,45,1
2,Payment,1763850259,078745,248002,43,1
2,Payment,1763850259,078745,465828,16,1
1,NewOrder,1763850259,078750,231988,46,1
1,NewOrder,1763850259,084621,333863,32,1
1,NewOrder,1763850259,102188,435134,12,1
2,Payment,1763850259,118591,339608,39,1
3,OrderStatus,1763850259,121193,25319,31,1
1,NewOrder,1763850259,121244,161144,35,1
3,OrderStatus,1763850259,128881,31637,20,1
2,Payment,1763850259,134400,170075,9,1
2,Payment,1763850259,146540,585386,31,1
1,NewOrder,1763850259,152708,143341,28,1
2,Payment,1763850259,155435,113853,23,1
1,NewOrder,1763850259,156872,300472,10,1
1,NewOrder,1763850259,158998,320390,7,1
1,NewOrder,1763850259,160548,529461,20,1
1,NewOrder,1763850259,164908,312202,2,1
2,Payment,1763850259,169592,391930,18,1
1,NewOrder,1763850259,170240,366455,44,1
2,Payment,1763850259,171054,338633,38,1
2,Payment,1763850259,171953,383851,3,1
4,Delivery,1763850259,175866,458629,24,1
1,NewOrder,1763850259,179603,212867,29,1
1,NewOrder,1763850259,179650,158245,47,1
1,NewOrder,1763850259,192483,304581,8,1
1,NewOrder,1763850259,203631,243797,11,1
1,NewOrder,1763850259,211861,492748,21,1
2,Payment,1763850259,212746,234700,25,1
1,NewOrder,1763850259,217377,494622,37,1
2,Payment,1763850259,227589,369943,40,1
1,NewOrder,1763850259,232282,383554,48,1
4,Delivery,1763850259,232348,234963,33,1
1,NewOrder,1763850259,236984,210952,22,1
1,NewOrder,1763850259,237264,221228,5,1
1,NewOrder,1763850259,237571,457456,15,1
2,Payment,1763850259,238325,335287,13,1
1,NewOrder,1763850259,238562,389492,27,1
2,Payment,1763850259,248688,441445,41,1
2,Payment,1763850259,264968,484200,34,1
5,StockLevel,1763850259,269319,126860,23,1
2,Payment,1763850259,269563,334723,14,1
1,NewOrder,1763850259,269811,189231,6,1
2,Payment,1763850259,272459,499791,42,1
1,NewOrder,1763850259,282421,394105,35,1
1,NewOrder,1763850259,282422,197213,4,1
2,Payment,1763850259,296088,487633,28,1
1,NewOrder,1763850259,304526,142152,9,1
2,Payment,1763850259,310771,384194,46,1
1,NewOrder,1763850259,311921,211022,0,1
3,OrderStatus,1763850259,326787,5271,43,1
2,Payment,1763850259,332092,454932,43,1
1,NewOrder,1763850259,337930,331577,47,1
1,NewOrder,1763850259,352404,263191,49,1
1,NewOrder,1763850259,362716,589565,1,1
1,NewOrder,1763850259,367003,302326,26,1
2,Payment,1763850259,378720,380267,36,1
2,Payment,1763850259,392505,423840,29,1
2,Payment,1763850259,394240,324867,45,1
3,OrderStatus,1763850259,396210,25065,23,1
2,Payment,1763850259,418518,384376,32,1
2,Payment,1763850259,419546,411074,17,1
2,Payment,1763850259,421305,335536,23,1
1,NewOrder,1763850259,446716,210522,9,1
1,NewOrder,1763850259,447450,331935,11,1
1,NewOrder,1763850259,447473,592919,25,1
2,Payment,1763850259,447954,335777,22,1
5,StockLevel,1763850259,457382,271720,10,1
2,Payment,1763850259,458222,325501,39,1
1,NewOrder,1763850259,458514,210880,5,1
1,NewOrder,1763850259,458601,224313,19,1
4,Delivery,1763850259,459319,160712,6,1
2,Payment,1763850259,467630,369622,33,1
1,NewOrder,1763850259,477141,474975,2,1
2,Payment,1763850259,479425,215541,7,1
2,Payment,1763850259,479702,540346,4,1
1,NewOrder,1763850259,497102,275473,8,1
1,NewOrder,1763850259,509716,405358,38,1
5,StockLevel,1763850259,522980,327439,0,1
4,Delivery,1763850259,536733,634283,44,1
1,NewOrder,1763850259,537398,201427,12,1
1,NewOrder,1763850259,544611,223654,16,1
1,NewOrder,1763850259,555836,773196,3,1
2,Payment,1763850259,561565,301207,18,1
1,NewOrder,1763850259,573647,150366,13,1
1,NewOrder,1763850259,597575,726001,40,1
1,NewOrder,1763850259,604327,90765,14,1
2,Payment,1763850259,615629,128255,49,1
1,NewOrder,1763850259,615850,306889,48,1
4,Delivery,1763850259,620104,103890,6,1
2,Payment,1763850259,628117,468239,27,1
2,Payment,1763850259,634710,167643,24,1
1,NewOrder,1763850259,657267,133027,9,1
2,Payment,1763850259,669363,479818,26,1
2,Payment,1763850259,669426,201504,5,1
2,Payment,1763850259,669521,275278,47,1
3,OrderStatus,1763850259,676559,49415,35,1
2,Payment,1763850259,682945,200810,19,1
1,NewOrder,1763850259,690038,225053,20,1
5,StockLevel,1763850259,690157,492941,41,1
2,Payment,1763850259,694991,305764,46,1
2,Payment,1763850259,694991,213336,7,1
2,Payment,1763850259,695049,237296,15,1
2,Payment,1763850259,695103,134206,14,1
2,Payment,1763850259,704639,247387,21,1
1,NewOrder,1763850259,712031,226359,37,1
2,Payment,1763850259,712042,158428,30,1
1,NewOrder,1763850259,719140,151679,45,1
2,Payment,1763850259,724028,214093,6,1
1,NewOrder,1763850259,724041,163609,13,1
1,NewOrder,1763850259,726018,151322,35,1
1,NewOrder,1763850259,729134,185944,10,1
2,Payment,1763850259,731960,171966,31,1
2,Payment,1763850259,738856,213074,12,1
2,Payment,1763850259,743913,310837,49,1
2,Payment,1763850259,749197,188920,34,1
5,StockLevel,1763850259,756871,377935,23,1
2,Payment,1763850259,759018,197155,36,1
1,NewOrder,1763850259,768297,440654,16,1
5,StockLevel,1763850259,772280,406826,42,1
2,Payment,1763850259,772636,205176,8,1
3,OrderStatus,1763850259,779419,66267,11,1
1,NewOrder,1763850259,783757,110976,22,1
5,StockLevel,1763850259,783759,378998,39,1
4,Delivery,1763850259,784639,509186,28,1
2,Payment,1763850259,787056,575187,43,1
2,Payment,1763850259,790320,345888,9,1
1,NewOrder,1763850259,802396,274522,24,1
1,NewOrder,1763850259,803003,346223,32,1
2,Payment,1763850259,816386,381889,29,1
2,Payment,1763850259,829349,138767,14,1
2,Payment,1763850259,830679,492530,17,1
2,Payment,1763850259,837282,368768,33,1
2,Payment,1763850259,845721,143967,11,1
1,NewOrder,1763850259,850451,561462,0,1
1,NewOrder,1763850259,862799,152918,18,1
2,Payment,1763850259,870503,402052,30,1
1,NewOrder,1763850259,870838,373915,45,1
3,OrderStatus,1763850259,870952,25005,5,1
2,Payment,1763850259,877371,107801,35,1
1,NewOrder,1763850259,883788,225639,19,1
1,NewOrder,1763850259,887699,335989,13,1
1,NewOrder,1763850259,894763,308369,22,1
2,Payment,1763850259,895983,312993,5,1
1,NewOrder,1763850259,903978,254854,31,1
1,NewOrder,1763850259,908364,425189,7,1
1,NewOrder,1763850259,915112,229770,20,1
1,NewOrder,1763850259,915112,241288,38,1
2,Payment,1763850259,915115,343267,10,1
1,NewOrder,1763850259,922803,331604,48,1
1,NewOrder,1763850259,932377,551625,15,1
1,NewOrder,1763850259,938147,490962,34,1
2,Payment,1763850259,938150,490865,6,1
1,NewOrder,1763850259,938400,220433,37,1
2,Payment,1763850259,944831,359679,47,1
4,Delivery,1763850259,951959,288768,12,1
1,NewOrder,1763850259,952048,296291,21,1
2,Payment,1763850259,952128,489902,2,1
1,NewOrder,1763850259,952299,274889,1,1
2,Payment,1763850259,956203,229868,36,1
1,NewOrder,1763850259,968147,206254,14,1
2,Payment,1763850259,977844,475274,8,1
2,Payment,1763850259,985205,249586,35,1
1,NewOrder,1763850259,989723,439052,11,1
2,Payment,1763850260,000788,345073,46,1
2,Payment,1763850260,015752,556038,18,1
1,NewOrder,1763850260,020094,569638,4,1
1,NewOrder,1763850260,040424,460245,25,1
2,Payment,1763850260,054782,343352,49,1
1,NewOrder,1763850260,076947,364679,24,1
2,Payment,1763850260,096390,470883,27,1
2,Payment,1763850260,109464,522661,19,1
2,Payment,1763850260,134838,365928,23,1
1,NewOrder,1763850260,136242,247335,9,1
1,NewOrder,1763850260,144917,635042,20,1
2,Payment,1763850260,149214,483158,26,1
1,NewOrder,1763850260,149249,249277,32,1
2,Payment,1763850260,156430,166793,38,1
2,Payment,1763850260,158856,241755,37,1
1,NewOrder,1763850260,158856,328339,31,1
1,NewOrder,1763850260,162793,355612,39,1
1,NewOrder,1763850260,171047,338402,44,1
2,Payment,1763850260,174430,320125,14,1
2,Payment,1763850260,179134,406311,42,1
3,OrderStatus,1763850260,183134,49758,41,1
2,Payment,1763850260,186096,386372,36,1
5,StockLevel,1763850260,198301,272790,29,1
2,Payment,1763850260,203182,625764,22,1
4,Delivery,1763850260,206080,424869,33,1
1,NewOrder,1763850260,208985,313739,16,1
2,Payment,1763850260,209029,292757,5,1
1,NewOrder,1763850260,223714,218794,13,1
2,Payment,1763850260,227221,437336,1,1
2,Payment,1763850260,232919,455159,41,1
2,Payment,1763850260,234815,396998,35,1
1,NewOrder,1763850260,240768,198427,12,1
2,Payment,1763850260,244796,196925,45,1
1,NewOrder,1763850260,248362,553006,21,1
1,NewOrder,1763850260,254455,354326,48,1
1,NewOrder,1763850260,258420,387858,10,1
2,Payment,1763850260,272595,266365,30,1
1,NewOrder,1763850260,293863,488373,28,1
5,StockLevel,1763850260,304554,183617,47,1
2,Payment,1763850260,323242,358679,17,1
2,Payment,1763850260,323308,365433,38,1
2,Payment,1763850260,323592,446110,40,1
1,NewOrder,1763850260,329065,242723,3,1
2,Payment,1763850260,333598,299873,7,1
2,Payment,1763850260,346148,320160,46,1
1,NewOrder,1763850260,362287,564761,43,1
1,NewOrder,1763850260,383619,441120,9,1
2,Payment,1763850260,398175,298218,49,1
1,NewOrder,1763850260,398556,423703,32,1
2,Payment,1763850260,400642,379643,37,1
2,Payment,1763850260,411957,324001,0,1
2,Payment,1763850260,428810,274318,11,1
1,NewOrder,1763850260,429035,410801,6,1
1,NewOrder,1763850260,429133,369369,34,1
2,Payment,1763850260,439233,341629,12,1
1,NewOrder,1763850260,441672,189642,24,1
1,NewOrder,1763850260,441772,415699,45,1
1,NewOrder,1763850260,442039,415407,2,1
5,StockLevel,1763850260,442525,202320,13,1
1,NewOrder,1763850260,453155,329578,8,1
1,NewOrder,1763850260,471124,368291,29,1
1,NewOrder,1763850260,484041,327801,15,1
2,Payment,1763850260,487234,352132,31,1
5,StockLevel,1763850260,488199,324673,47,1
1,NewOrder,1763850260,494589,1029907,14,1
2,Payment,1763850260,500700,362398,25,1
1,NewOrder,1763850260,500806,595032,23,1
2,Payment,1763850260,501814,361100,5,1
1,NewOrder,1763850260,509478,344110,44,1
5,StockLevel,1763850260,518438,263601,39,1
1,NewOrder,1763850260,522758,339698,16,1
2,Payment,1763850260,539000,336716,30,1
2,Payment,1763850260,567309,430077,27,1
2,Payment,1763850260,571966,582065,3,1
5,StockLevel,1763850260,572116,361908,18,1
2,Payment,1763850260,572489,263689,36,1
1,NewOrder,1763850260,585481,277245,42,1
2,Payment,1763850260,590019,604090,4,1
2,Payment,1763850260,608825,289400,48,1
1,NewOrder,1763850260,630991,674902,33,1
1,NewOrder,1763850260,631345,490695,24,1
2,Payment,1763850260,631875,242514,35,1
4,Delivery,1763850260,632149,736786,19,1
2,Payment,1763850260,632399,545592,26,1
2,Payment,1763850260,633501,278890,7,1
2,Payment,1763850260,644886,932290,13,1
1,NewOrder,1763850260,646318,223690,10,1
2,Payment,1763850260,664608,562381,1,1
3,OrderStatus,1763850260,666341,38062,46,1
1,NewOrder,1763850260,681960,165338,17,1
1,NewOrder,1763850260,688126,305412,41,1
2,Payment,1763850260,688766,220149,38,1
2,Payment,1763850260,696433,405513,49,1
2,Payment,1763850260,703165,923336,11,1
1,NewOrder,1763850260,704451,466869,46,1
1,NewOrder,1763850260,735998,563970,0,1
1,NewOrder,1763850260,769739,116685,40,1
2,Payment,1763850260,779990,379539,20,1
1,NewOrder,1763850260,780297,470107,37,1
1,NewOrder,1763850260,780879,1023317,12,1
2,Payment,1763850260,782065,504164,39,1
1,NewOrder,1763850260,782254,524028,28,1
2,Payment,1763850260,782752,377321,8,1
2,Payment,1763850260,798534,574360,34,1
1,NewOrder,1763850260,801401,101682,21,1
1,NewOrder,1763850260,811874,707254,15,1
1,NewOrder,1763850260,812898,449459,47,1
1,NewOrder,1763850260,822293,284108,32,1
1,NewOrder,1763850260,824768,475327,9,1
1,NewOrder,1763850260,828978,477824,22,1
2,Payment,1763850260,836258,482289,36,1
5,StockLevel,1763850260,839397,337334,31,1
1,NewOrder,1763850260,839427,415151,29,1
2,Payment,1763850260,839922,533329,6,1
2,Payment,1763850260,847329,728855,17,1
2,Payment,1763850260,853620,306475,44,1
2,Payment,1763850260,857477,505455,2,1
1,NewOrder,1763850260,857492,338446,45,1
1,NewOrder,1763850260,862488,863448,16,1
5,StockLevel,1763850260,862747,481076,42,1
1,NewOrder,1763850260,862932,407015,5,1
2,Payment,1763850260,863118,478296,25,1
2,Payment,1763850260,870042,988667,10,1
1,NewOrder,1763850260,874422,253063,35,1
2,Payment,1763850260,875747,523586,30,1
1,NewOrder,1763850260,886449,375930,40,1
3,OrderStatus,1763850260,898268,271004,48,1
2,Payment,1763850260,903113,433827,21,1
1,NewOrder,1763850260,909079,469502,38,1
1,NewOrder,1763850260,912417,364036,7,1
1,NewOrder,1763850260,927080,387986,43,1
1,NewOrder,1763850260,934058,869073,18,1
1,NewOrder,1763850260,993583,276356,41,1
2,Payment,1763850260,997423,365477,27,1
5,StockLevel,1763850261,095874,255609,23,1
2,Payment,1763850261,101986,188819,49,1
2,Payment,1763850261,106445,332665,32,1
1,NewOrder,1763850261,122089,119903,24,1
1,NewOrder,1763850261,127528,294386,35,1
2,Payment,1763850261,154082,235592,3,1
2,Payment,1763850261,159575,203609,20,1
1,NewOrder,1763850261,160109,312170,8,1
4,Delivery,1763850261,160137,308247,44,1
2,Payment,1763850261,169320,172607,48,1
2,Payment,1763850261,171368,139474,46,1
5,StockLevel,1763850261,176779,136049,31,1
1,NewOrder,1763850261,178026,302682,26,1
1,NewOrder,1763850261,194150,130153,4,1
2,Payment,1763850261,195972,170912,45,1
1,NewOrder,1763850261,227022,399850,1,1
1,NewOrder,1763850261,242021,261004,24,1
1,NewOrder,1763850261,250436,171478,37,1
2,Payment,1763850261,254607,280964,29,1
2,Payment,1763850261,262395,129830,47,1
1,NewOrder,1763850261,262402,297030,40,1
2,Payment,1763850261,269975,357384,41,1
1,NewOrder,1763850261,269977,268660,5,1
1,NewOrder,1763850261,276484,214910,7,1
2,Payment,1763850261,286266,170832,39,1
1,NewOrder,1763850261,291038,247608,49,1
2,Payment,1763850261,299999,394546,0,1
2,Payment,1763850261,300118,264411,9,1
1,NewOrder,1763850261,305922,271177,33,1
2,Payment,1763850261,306305,311077,28,1
2,Payment,1763850261,306817,243997,22,1
2,Payment,1763850261,310879,344991,46,1
1,NewOrder,1763850261,312894,216234,31,1
1,NewOrder,1763850261,315095,489180,43,1
1,NewOrder,1763850261,318579,350157,36,1
1,NewOrder,1763850261,324340,229670,4,1
2,Payment,1763850261,337009,257339,21,1
1,NewOrder,1763850261,341455,75841,25,1
1,NewOrder,1763850261,341951,252490,48,1
2,Payment,1763850261,343851,490118,42,1
2,Payment,1763850261,351518,343327,23,1
2,Payment,1763850261,362930,296852,27,1
2,Payment,1763850261,362955,419797,2,1
3,OrderStatus,1763850261,363211,7219,20,1
2,Payment,1763850261,366918,349008,45,1
1,NewOrder,1763850261,368967,382591,19,1
2,Payment,1763850261,370462,380969,20,1
3,OrderStatus,1763850261,372927,14326,34,1
2,Payment,1763850261,373275,252644,6,1
1,NewOrder,1763850261,378686,159978,38,1
1,NewOrder,1763850261,387284,530889,34,1
2,Payment,1763850261,389736,445300,3,1
2,Payment,1763850261,392258,392269,47,1
2,Payment,1763850261,399363,569843,30,1
1,NewOrder,1763850261,417326,441530,25,1
2,Payment,1763850261,421948,291742,35,1
4,Delivery,1763850261,421948,345745,37,1
2,Payment,1763850261,439185,566498,32,1
2,Payment,1763850261,457139,326857,39,1
2,Payment,1763850261,468422,410372,44,1
1,NewOrder,1763850261,472313,341462,8,1
1,NewOrder,1763850261,480737,513862,26,1
4,Delivery,1763850261,491424,301388,7,1
1,NewOrder,1763850261,503065,421157,24,1
2,Payment,1763850261,519154,315878,15,1
1,NewOrder,1763850261,524527,278490,14,1
1,NewOrder,1763850261,529156,640208,31,1
2,Payment,1763850261,535601,531836,29,1
2,Payment,1763850261,538680,281631,38,1
1,NewOrder,1763850261,538684,385936,49,1
3,OrderStatus,1763850261,538692,23122,5,1
2,Payment,1763850261,550840,418115,22,1
1,NewOrder,1763850261,554049,517039,4,1
5,StockLevel,1763850261,559517,275920,40,1
2,Payment,1763850261,561851,297218,5,1
2,Payment,1763850261,564566,359769,9,1
2,Payment,1763850261,576218,292653,17,1
5,StockLevel,1763850261,577127,197114,33,1
1,NewOrder,1763850261,577196,242052,13,1
2,Payment,1763850261,594389,410798,21,1
1,NewOrder,1763850261,594467,393760,48,1
2,Payment,1763850261,617422,473591,28,1
1,NewOrder,1763850261,625961,448953,6,1
2,Payment,1763850261,626535,270033,11,1
2,Payment,1763850261,627034,520430,1,1
1,NewOrder,1763850261,627387,429863,41,1
3,OrderStatus,1763850261,655913,15662,46,1
2,Payment,1763850261,659816,487935,27,1
2,Payment,1763850261,668773,180480,36,1
1,NewOrder,1763850261,671613,360077,46,1
2,Payment,1763850261,694885,374079,23,1
1,NewOrder,1763850261,695214,403794,0,1
1,NewOrder,1763850261,713735,497895,35,1
1,NewOrder,1763850261,715964,232841,45,1
1,NewOrder,1763850261,725974,479759,16,1
2,Payment,1763850261,751462,346180,20,1
4,Delivery,1763850261,751578,358006,19,1
1,NewOrder,1763850261,767727,299625,37,1
1,NewOrder,1763850261,774274,416085,33,1
2,Payment,1763850261,782787,396249,2,1
4,Delivery,1763850261,784021,313673,39,1
3,OrderStatus,1763850261,784548,30427,47,1
2,Payment,1763850261,792842,407306,7,1
1,NewOrder,1763850261,803045,350096,14,1
1,NewOrder,1763850261,803155,294933,18,1
2,Payment,1763850261,804215,368807,12,1
5,StockLevel,1763850261,804289,57802,43,1
1,NewOrder,1763850261,813808,231149,8,1
1,NewOrder,1763850261,814999,252629,47,1
2,Payment,1763850261,819282,375192,13,1
2,Payment,1763850261,820340,526389,38,1
5,StockLevel,1763850261,834002,17176,42,1
2,Payment,1763850261,835268,376033,3,1
3,OrderStatus,1763850261,835455,33063,40,1
1,NewOrder,1763850261,835517,364311,15,1
2,Payment,1763850261,849511,512501,36,1
1,NewOrder,1763850261,851208,123215,42,1
2,Payment,1763850261,858739,353084,10,1
2,Payment,1763850261,858862,320032,25,1
1,NewOrder,1763850261,859085,314022,5,1
3,OrderStatus,1763850261,862122,17673,43,1
1,NewOrder,1763850261,868549,199493,40,1
2,Payment,1763850261,868885,380398,17,1
1,NewOrder,1763850261,878827,192484,44,1
2,Payment,1763850261,879819,226442,43,1
2,Payment,1763850261,896603,372465,11,1
5,StockLevel,1763850261,918203,152496,34,1
1,NewOrder,1763850261,924255,275599,24,1
3,OrderStatus,1763850261,924360,72187,9,1
2,Payment,1763850261,924639,173467,49,1
2,Payment,1763850261,948839,200453,45,1
1,NewOrder,1763850261,968988,245529,22,1
1,NewOrder,1763850261,969227,115996,30,1
2,Payment,1763850261,974462,161098,42,1
2,Payment,1763850261,988260,191941,48,1
2,Payment,1763850261,994632,205324,26,1
2,Payment,1763850261,996576,351047,9,1
1,NewOrder,1763850262,005221,196241,21,1
2,Payment,1763850262,005700,205497,32,1
1,NewOrder,1763850262,031721,260573,46,1
1,NewOrder,1763850262,044990,415712,8,1
1,NewOrder,1763850262,057282,153889,41,1
2,Payment,1763850262,067388,317047,37,1
1,NewOrder,1763850262,067463,283387,29,1
2,Payment,1763850262,067642,279165,47,1
1,NewOrder,1763850262,068060,136174,40,1
2,Payment,1763850262,068992,201214,23,1
2,Payment,1763850262,070735,191400,34,1
1,NewOrder,1763850262,071108,233146,4,1
2,Payment,1763850262,071328,171864,44,1
2,Payment,1763850262,074950,444865,6,1
2,Payment,1763850262,085253,215987,30,1
2,Payment,1763850262,091045,321671,28,1
1,NewOrder,1763850262,097680,264059,20,1
1,NewOrder,1763850262,097715,342020,39,1
2,Payment,1763850262,098105,191527,18,1
2,Payment,1763850262,098119,324499,49,1
1,NewOrder,1763850262,099028,306109,0,1
3,OrderStatus,1763850262,106293,16348,43,1
2,Payment,1763850262,109613,244928,19,1
1,NewOrder,1763850262,122879,88329,43,1
2,Payment,1763850262,135596,137338,42,1
1,NewOrder,1763850262,147500,199229,1,1
2,Payment,1763850262,147771,306506,27,1
2,Payment,1763850262,149544,298352,45,1
1,NewOrder,1763850262,153173,174316,14,1
1,NewOrder,1763850262,169392,311598,31,1
2,Payment,1763850262,173053,842679,12,1
1,NewOrder,1763850262,173132,222868,5,1
2,Payment,1763850262,178924,302678,25,1
1,NewOrder,1763850262,179058,281460,2,1
2,Payment,1763850262,180223,317199,48,1
2,Payment,1763850262,190389,370995,33,1
4,Delivery,1763850262,194506,383215,13,1
1,NewOrder,1763850262,199869,305386,15,1
5,StockLevel,1763850262,199880,116996,24,1
1,NewOrder,1763850262,199961,361361,26,1
2,Payment,1763850262,200166,361117,7,1
1,NewOrder,1763850262,201484,160196,21,1
1,NewOrder,1763850262,204261,255583,40,1
2,Payment,1763850262,205763,367320,16,1
2,Payment,1763850262,211203,309554,41,1
1,NewOrder,1763850262,211222,261059,32,1
2,Payment,1763850262,211223,350005,43,1
2,Payment,1763850262,211318,272883,3,1
2,Payment,1763850262,211643,334873,35,1
1,NewOrder,1763850262,211838,775987,10,1
1,NewOrder,1763850262,214547,245271,22,1
1,NewOrder,1763850262,243223,145322,44,1
1,NewOrder,1763850262,249337,210710,17,1
1,NewOrder,1763850262,262176,116528,34,1
2,Payment,1763850262,269109,803003,11,1
1,NewOrder,1763850262,270242,148535,23,1
1,NewOrder,1763850262,272976,587851,42,1
1,NewOrder,1763850262,289723,201641,18,1
1,NewOrder,1763850262,292328,355068,46,1
4,Delivery,1763850262,301279,45498,30,1
2,Payment,1763850262,304288,200964,4,1
1,NewOrder,1763850262,316908,163660,24,1
1,NewOrder,1763850262,327524,1032871,14,1
1,NewOrder,1763850262,346768,295761,1,1
2,Payment,1763850262,346769,279188,38,1
1,NewOrder,1763850262,346802,335066,30,1
2,Payment,1763850262,346820,349153,47,1
4,Delivery,1763850262,347650,540466,9,1
1,NewOrder,1763850262,350878,202517,29,1
2,Payment,1763850262,354571,307700,19,1
1,NewOrder,1763850262,361710,60992,21,1
4,Delivery,1763850262,361756,204862,20,1
1,NewOrder,1763850262,362028,145883,36,1
1,NewOrder,1763850262,378736,363794,34,1
2,Payment,1763850262,384466,293502,37,1
2,Payment,1763850262,388575,506340,44,1
2,Payment,1763850262,396025,220258,5,1
1,NewOrder,1763850262,405169,156009,0,1
3,OrderStatus,1763850262,412750,56785,28,1
5,StockLevel,1763850262,418809,269149,23,1
1,NewOrder,1763850262,422721,93020,21,1
1,NewOrder,1763850262,422722,116005,49,1
3,OrderStatus,1763850262,439767,29281,39,1
1,NewOrder,1763850262,447928,218555,45,1
2,Payment,1763850262,454310,133635,27,1
5,StockLevel,1763850262,459850,459094,22,1
1,NewOrder,1763850262,459857,297743,40,1
2,Payment,1763850262,460069,298361,17,1
2,Payment,1763850262,460534,252684,2,1
2,Payment,1763850262,460726,281348,8,1
1,NewOrder,1763850262,469209,391855,39,1
2,Payment,1763850262,469552,259192,28,1
2,Payment,1763850262,472307,347495,32,1
3,OrderStatus,1763850262,480601,143613,24,1
1,NewOrder,1763850262,481011,263710,31,1
5,StockLevel,1763850262,481621,355682,25,1
2,Payment,1763850262,484227,290915,3,1
2,Payment,1763850262,491396,329604,18,1
2,Payment,1763850262,497458,247106,48,1
2,Payment,1763850262,505287,299005,4,1
1,NewOrder,1763850262,505288,471791,15,1
3,OrderStatus,1763850262,507945,76591,36,1
1,NewOrder,1763850262,515772,528725,21,1
5,StockLevel,1763850262,519844,384003,6,1
2,Payment,1763850262,520785,397414,41,1
2,Payment,1763850262,538759,265237,49,1
2,Payment,1763850262,546545,440854,35,1
1,NewOrder,1763850262,553425,507048,29,1
1,NewOrder,1763850262,561215,349286,0,1
1,NewOrder,1763850262,561255,511247,43,1
3,OrderStatus,1763850262,561298,90603,7,1
2,Payment,1763850262,561329,282924,26,1
1,NewOrder,1763850262,561403,426078,33,1
2,Payment,1763850262,566701,554734,20,1
2,Payment,1763850262,573124,472070,16,1
1,NewOrder,1763850262,577753,729984,13,1
1,NewOrder,1763850262,584570,310321,36,1
2,Payment,1763850262,587978,509078,27,1
1,NewOrder,1763850262,616326,428576,5,1
1,NewOrder,1763850262,624251,683292,24,1
1,NewOrder,1763850262,626115,322321,38,1
5,StockLevel,1763850262,642559,220845,1,1
2,Payment,1763850262,647428,255632,46,1
5,StockLevel,1763850262,651934,268918,7,1
2,Payment,1763850262,662300,411471,19,1
2,Payment,1763850262,666516,265066,45,1
2,Payment,1763850262,678015,364572,37,1
1,NewOrder,1763850262,681909,390614,30,1
4,Delivery,1763850262,688003,356915,23,1
2,Payment,1763850262,696013,292364,47,1
2,Payment,1763850262,713251,250779,2,1
2,Payment,1763850262,728781,451356,28,1
1,NewOrder,1763850262,742120,331479,8,1
1,NewOrder,1763850262,743145,204587,34,1
3,OrderStatus,1763850262,744594,74367,48,1
2,Payment,1763850262,744749,372591,31,1
1,NewOrder,1763850262,757644,341912,40,1
1,NewOrder,1763850262,758468,205605,17,1
2,Payment,1763850262,775189,241046,3,1
1,NewOrder,1763850262,804033,437209,49,1
2,Payment,1763850262,804303,247974,4,1
1,NewOrder,1763850262,818993,411506,48,1
1,NewOrder,1763850262,819831,488077,32,1
1,NewOrder,1763850262,821030,498020,18,1
1,NewOrder,1763850262,837333,546517,25,1
2,Payment,1763850262,844284,361251,26,1
2,Payment,1763850262,860861,299016,42,1
1,NewOrder,1763850262,861088,446388,39,1
2,Payment,1763850262,863434,210387,1,1
1,NewOrder,1763850262,888144,141056,9,1
2,Payment,1763850262,894921,467504,36,1
2,Payment,1763850262,894932,340104,44,1
2,Payment,1763850262,903091,385647,46,1
1,NewOrder,1763850262,903869,94499,6,1
1,NewOrder,1763850262,910518,316400,0,1
1,NewOrder,1763850262,918227,834481,41,1
1,NewOrder,1763850262,918980,467313,22,1
1,NewOrder,1763850262,920892,123551,7,1
3,OrderStatus,1763850262,931614,89472,45,1
2,Payment,1763850262,947763,465006,34,1
1,NewOrder,1763850262,948472,308074,38,1
2,Payment,1763850262,964061,397160,2,1
1,NewOrder,1763850262,964097,219064,17,1
2,Payment,1763850262,977111,384415,15,1
1,NewOrder,1763850262,987431,298729,35,1
1,NewOrder,1763850262,987495,356426,33,1
2,Payment,1763850262,987840,418864,10,1
2,Payment,1763850262,988397,330346,47,1
1,NewOrder,1763850262,998398,101265,6,1
1,NewOrder,1763850263,015765,215847,12,1
2,Payment,1763850263,016254,430968,3,1
2,Payment,1763850263,021119,320054,45,1
2,Payment,1763850263,029235,114308,9,1
1,NewOrder,1763850263,042619,449001,37,1
1,NewOrder,1763850263,044473,294048,7,1
2,Payment,1763850263,044517,409676,21,1
1,NewOrder,1763850263,044919,275483,5,1
5,StockLevel,1763850263,044929,13889,23,1
2,Payment,1763850263,045203,380382,16,1
1,NewOrder,1763850263,052307,266248,4,1
1,NewOrder,1763850263,058848,199530,23,1
1,NewOrder,1763850263,060501,257646,29,1
1,NewOrder,1763850263,072150,562259,11,1
4,Delivery,1763850263,072513,399108,43,1
1,NewOrder,1763850263,072543,245996,30,1
2,Payment,1763850263,073620,375088,8,1
1,NewOrder,1763850263,073788,492236,19,1
1,NewOrder,1763850263,073838,501601,1,1
2,Payment,1763850263,097089,367237,27,1
1,NewOrder,1763850263,099585,559251,40,1
1,NewOrder,1763850263,099681,285172,6,1
2,Payment,1763850263,117369,341236,31,1
1,NewOrder,1763850263,121467,533816,20,1
2,Payment,1763850263,143575,341129,9,1
1,NewOrder,1763850263,159911,304421,42,1
1,NewOrder,1763850263,180170,214814,28,1
2,Payment,1763850263,183193,430511,17,1
1,NewOrder,1763850263,205626,511593,26,1
2,Payment,1763850263,226950,513267,0,1
1,NewOrder,1763850263,230530,344860,48,1
2,Payment,1763850263,231637,504041,12,1
1,NewOrder,1763850263,235070,229226,44,1
2,Payment,1763850263,241275,372392,49,1
1,NewOrder,1763850263,256579,363182,38,1
1,NewOrder,1763850263,258868,360223,23,1
1,NewOrder,1763850263,286189,178658,35,1
2,Payment,1763850263,288769,350920,46,1
1,NewOrder,1763850263,307507,371881,39,1
2,Payment,1763850263,307570,474513,24,1
1,NewOrder,1763850263,307753,401448,13,1
1,NewOrder,1763850263,307927,299254,32,1
2,Payment,1763850263,318178,448403,29,1
2,Payment,1763850263,318564,172691,30,1
2,Payment,1763850263,318577,442973,4,1
1,NewOrder,1763850263,318754,192262,47,1
1,NewOrder,1763850263,319063,275582,18,1
1,NewOrder,1763850263,320430,375554,5,1
1,NewOrder,1763850263,338554,263918,7,1
1,NewOrder,1763850263,341207,480304,45,1
1,NewOrder,1763850263,343950,275236,33,1
1,NewOrder,1763850263,360432,145817,14,1
1,NewOrder,1763850263,361243,280235,2,1
2,Payment,1763850263,361543,356050,15,1
2,Payment,1763850263,362443,355035,36,1
2,Payment,1763850263,383893,447530,25,1
1,NewOrder,1763850263,384877,254516,6,1
1,NewOrder,1763850263,386322,210668,22,1
1,NewOrder,1763850263,395014,350280,28,1
2,Payment,1763850263,406732,365641,10,1
2,Payment,1763850263,412805,339939,34,1
1,NewOrder,1763850263,425618,412336,16,1
1,NewOrder,1763850263,447252,452519,3,1
1,NewOrder,1763850263,448736,297285,8,1
2,Payment,1763850263,454221,367969,21,1
1,NewOrder,1763850263,458638,272738,31,1
2,Payment,1763850263,464325,308557,44,1
3,OrderStatus,1763850263,464348,13571,27,1
1,NewOrder,1763850263,464351,435474,42,1
1,NewOrder,1763850263,464861,401250,35,1
1,NewOrder,1763850263,471650,480455,43,1
2,Payment,1763850263,477951,383559,27,1
1,NewOrder,1763850263,484738,268184,9,1
3,OrderStatus,1763850263,491288,70260,30,1
1,NewOrder,1763850263,491641,330445,37,1
1,NewOrder,1763850263,506276,408901,14,1
1,NewOrder,1763850263,511043,310486,47,1
1,NewOrder,1763850263,561577,239518,30,1
1,NewOrder,1763850263,566052,379249,19,1
2,Payment,1763850263,575435,269805,48,1
2,Payment,1763850263,575462,415338,1,1
1,NewOrder,1763850263,594757,216860,18,1
2,Payment,1763850263,597018,244516,22,1
5,StockLevel,1763850263,602497,241324,7,1
2,Payment,1763850263,607209,217373,32,1
2,Payment,1763850263,613700,296578,49,1
1,NewOrder,1763850263,613724,327101,17,1
1,NewOrder,1763850263,619118,399898,23,1
2,Payment,1763850263,619205,228699,33,1
1,NewOrder,1763850263,619777,175348,38,1
1,NewOrder,1763850263,634438,235755,11,1
2,Payment,1763850263,639434,133133,6,1
2,Payment,1763850263,639713,324229,46,1
1,NewOrder,1763850263,641509,313387,2,1
1,NewOrder,1763850263,655317,341447,20,1
1,NewOrder,1763850263,658865,272012,40,1
2,Payment,1763850263,679415,245166,39,1
2,Payment,1763850263,696021,135707,5,1
2,Payment,1763850263,709237,309485,13,1
4,Delivery,1763850263,717253,244020,26,1
1,NewOrder,1763850263,717504,332954,36,1
1,NewOrder,1763850263,717610,55568,15,1
2,Payment,1763850263,731409,239781,31,1
1,NewOrder,1763850263,735711,238466,12,1
1,NewOrder,1763850263,740248,214621,0,1
2,Payment,1763850263,745326,218847,28,1
1,NewOrder,1763850263,746047,228851,8,1
1,NewOrder,1763850263,752739,263151,41,1
2,Payment,1763850263,752766,263129,34,1
2,Payment,1763850263,752936,263187,9,1
1,NewOrder,1763850263,761575,650918,4,1
1,NewOrder,1763850263,766609,302508,29,1
1,NewOrder,1763850263,772402,440792,10,1
5,StockLevel,1763850263,772588,74009,6,1
1,NewOrder,1763850263,772898,122776,44,1
1,NewOrder,1763850263,773187,190519,15,1
3,OrderStatus,1763850263,782115,17377,24,1
1,NewOrder,1763850263,795155,290334,38,1
5,StockLevel,1763850263,799524,164018,24,1
1,NewOrder,1763850263,801126,300117,30,1
1,NewOrder,1763850263,811649,151924,18,1
2,Payment,1763850263,821541,185104,45,1
1,NewOrder,1763850263,821548,315771,47,1
2,Payment,1763850263,822160,315174,37,1
3,OrderStatus,1763850263,822204,24441,21,1
1,NewOrder,1763850263,824712,439387,32,1
2,Payment,1763850263,831453,279793,25,1
2,Payment,1763850263,831790,218956,5,1
5,StockLevel,1763850263,837983,118961,16,1
1,NewOrder,1763850263,841565,174325,22,1
2,Payment,1763850263,843852,234360,7,1
4,Delivery,1763850263,845268,387759,48,1
1,NewOrder,1763850263,846621,578158,6,1
2,Payment,1763850263,846892,201937,21,1
1,NewOrder,1763850263,847924,314153,33,1
2,Payment,1763850263,861540,300190,27,1
2,Payment,1763850263,866137,310128,35,1
1,NewOrder,1763850263,870220,363613,11,1
1,NewOrder,1763850263,895711,439606,44,1
1,NewOrder,1763850263,899804,259699,3,1
2,Payment,1763850263,899853,166499,42,1
2,Payment,1763850263,910310,530642,49,1
1,NewOrder,1763850263,915208,222158,14,1
1,NewOrder,1763850263,924611,410628,39,1
1,NewOrder,1763850263,930906,302559,40,1
2,Payment,1763850263,940856,75043,17,1
1,NewOrder,1763850263,945332,300575,19,1
1,NewOrder,1763850263,952134,250487,43,1
4,Delivery,1763850263,954898,72717,0,1
2,Payment,1763850263,954916,508096,2,1
2,Payment,1763850263,957099,339912,16,1
2,Payment,1763850263,961307,237244,26,1
2,Payment,1763850263,963575,121414,24,1
1,NewOrder,1763850263,963584,115043,18,1
2,Payment,1763850263,963731,372358,15,1
1,NewOrder,1763850263,963959,403655,46,1
1,NewOrder,1763850263,964195,371418,28,1
2,Payment,1763850263,971219,347041,31,1
2,Payment,1763850263,974205,292254,12,1
4,Delivery,1763850263,974923,321523,8,1
1,NewOrder,1763850263,990862,688710,1,1
2,Payment,1763850263,996795,140512,20,1
1,NewOrder,1763850264,006859,680019,45,1
3,OrderStatus,1763850264,015925,16348,34,1
2,Payment,1763850264,015930,166375,22,1
2,Payment,1763850264,015933,373214,41,1
1,NewOrder,1763850264,015933,502583,17,1
2,Payment,1763850264,016131,506332,9,1
2,Payment,1763850264,018747,292502,13,1
2,Payment,1763850264,019036,246772,23,1
2,Payment,1763850264,027644,750081,0,1
3,OrderStatus,1763850264,032320,18247,34,1
5,StockLevel,1763850264,048860,108681,21,1
1,NewOrder,1763850264,050518,263591,36,1
2,Payment,1763850264,050590,308898,34,1
2,Payment,1763850264,050763,525943,5,1
1,NewOrder,1763850264,066380,545479,42,1
2,Payment,1763850264,069145,458523,29,1
1,NewOrder,1763850264,078293,613563,7,1
3,OrderStatus,1763850264,078647,58860,18,1
3,OrderStatus,1763850264,085021,23210,24,1
2,Payment,1763850264,085510,280809,38,1
1,NewOrder,1763850264,101277,590988,30,1
1,NewOrder,1763850264,108264,436682,24,1
1,NewOrder,1763850264,111277,376188,25,1
2,Payment,1763850264,137342,491708,20,1
2,Payment,1763850264,137349,325648,37,1
2,Payment,1763850264,137376,584404,47,1
1,NewOrder,1763850264,137378,415037,14,1
1,NewOrder,1763850264,137518,337901,18,1
1,NewOrder,1763850264,157572,328468,21,1
2,Payment,1763850264,159535,729316,3,1
1,NewOrder,1763850264,161763,206879,27,1
1,NewOrder,1763850264,162094,434885,33,1
3,OrderStatus,1763850264,176297,90911,35,1
1,NewOrder,1763850264,182339,277802,22,1
2,Payment,1763850264,198584,385250,26,1
2,Payment,1763850264,202693,534352,43,1
2,Payment,1763850264,213224,400311,10,1
2,Payment,1763850264,233059,517005,48,1
1,NewOrder,1763850264,233484,289043,40,1
1,NewOrder,1763850264,233859,229126,11,1
3,OrderStatus,1763850264,245936,46787,19,1
1,NewOrder,1763850264,264140,349094,32,1
1,NewOrder,1763850264,265839,463271,23,1
2,Payment,1763850264,266484,425059,12,1
2,Payment,1763850264,267229,255274,35,1
1,NewOrder,1763850264,292755,290741,19,1
1,NewOrder,1763850264,296482,458388,8,1
1,NewOrder,1763850264,297042,190534,16,1
2,Payment,1763850264,311577,478130,13,1
1,NewOrder,1763850264,314668,384078,36,1
4,Delivery,1763850264,318286,249452,31,1
5,StockLevel,1763850264,335269,281109,39,1
1,NewOrder,1763850264,335339,356199,44,1
1,NewOrder,1763850264,335625,450642,28,1
1,NewOrder,1763850264,336105,87643,15,1
2,Payment,1763850264,359518,435063,34,1
1,NewOrder,1763850264,366351,344213,38,1
2,Payment,1763850264,367641,469276,46,1
2,Payment,1763850264,368699,590405,27,1
2,Payment,1763850264,389179,394250,41,1
2,Payment,1763850264,412524,523596,4,1
5,StockLevel,1763850264,423782,255436,15,1
2,Payment,1763850264,424810,415118,6,1
1,NewOrder,1763850264,440984,490687,49,1
1,NewOrder,1763850264,460173,294418,22,1
1,NewOrder,1763850264,463019,990471,11,1
2,Payment,1763850264,463021,269944,37,1
2,Payment,1763850264,463038,579232,2,1
1,NewOrder,1763850264,475440,223167,18,1
1,NewOrder,1763850264,486072,317043,21,1
1,NewOrder,1763850264,487494,284715,25,1
1,NewOrder,1763850264,487597,125668,16,1
2,Payment,1763850264,518552,303266,17,1
4,Delivery,1763850264,522499,378986,9,1
2,Payment,1763850264,522531,294616,35,1
2,Payment,1763850264,522553,290492,40,1
2,Payment,1763850264,527700,527466,29,1
2,Payment,1763850264,544975,294922,24,1
4,Delivery,1763850264,552446,638498,14,1
1,NewOrder,1763850264,567774,308724,31,1
2,Payment,1763850264,576743,295998,5,1
2,Payment,1763850264,583528,298611,19,1
4,Delivery,1763850264,583859,182509,26,1
2,Payment,1763850264,597026,311807,33,1
2,Payment,1763850264,611913,264506,42,1
1,NewOrder,1763850264,613303,391036,16,1
1,NewOrder,1763850264,613349,233870,32,1
2,Payment,1763850264,613557,878522,10,1
2,Payment,1763850264,616420,350032,39,1
2,Payment,1763850264,629093,226015,20,1
2,Payment,1763850264,679264,371538,15,1
2,Payment,1763850264,679608,395317,1,1
2,Payment,1763850264,686922,322980,45,1
2,Payment,1763850264,691581,836185,12,1
2,Payment,1763850264,691584,274772,44,1
2,Payment,1763850264,691864,294990,7,1
2,Payment,1763850264,692282,274199,30,1
2,Payment,1763850264,698639,370430,18,1
1,NewOrder,1763850264,698775,457096,36,1
2,Payment,1763850264,710599,491454,38,1
1,NewOrder,1763850264,721819,275986,47,1
1,NewOrder,1763850264,729147,237218,23,1
1,NewOrder,1763850264,733001,413501,37,1
2,Payment,1763850264,737085,267668,43,1
1,NewOrder,1763850264,750092,132047,48,1
2,Payment,1763850264,754633,333926,22,1
1,NewOrder,1763850264,754895,322119,8,1
2,Payment,1763850264,766404,327742,26,1
2,Payment,1763850264,772260,418931,25,1
1,NewOrder,1763850264,777765,508910,0,1
1,NewOrder,1763850264,783461,537813,41,1
2,Payment,1763850264,786314,434843,28,1
1,NewOrder,1763850264,789744,1170454,13,1
1,NewOrder,1763850264,794625,304346,34,1
1,NewOrder,1763850264,803161,144964,21,1
4,Delivery,1763850264,813083,54109,40,1
2,Payment,1763850264,817186,439224,35,1
1,NewOrder,1763850264,821857,203108,17,1
1,NewOrder,1763850264,836957,449677,46,1
1,NewOrder,1763850264,839942,176948,24,1
1,NewOrder,1763850264,839958,258943,6,1
2,Payment,1763850264,847252,321437,32,1
1,NewOrder,1763850264,855148,510675,20,1
5,StockLevel,1763850264,867234,208153,40,1
2,Payment,1763850264,872784,273571,5,1
4,Delivery,1763850264,876461,239301,42,1
2,Payment,1763850264,876540,342594,31,1
5,StockLevel,1763850264,882183,193064,19,1
1,NewOrder,1763850264,882183,259294,48,1
1,NewOrder,1763850264,888903,392692,3,1
2,Payment,1763850264,901532,289809,9,1
1,NewOrder,1763850264,908881,174028,33,1
1,NewOrder,1763850264,931714,308053,49,1
1,NewOrder,1763850264,936162,385036,4,1
1,NewOrder,1763850264,948163,463663,21,1
1,NewOrder,1763850264,959135,420301,27,1
5,StockLevel,1763850264,966394,280221,44,1
1,NewOrder,1763850264,966401,335403,23,1
1,NewOrder,1763850264,966487,412870,39,1
2,Payment,1763850264,966507,311129,30,1
1,NewOrder,1763850264,986893,392533,7,1
3,OrderStatus,1763850264,997846,59794,47,1
1,NewOrder,1763850265,004375,267364,16,1
2,Payment,1763850265,004821,371361,43,1
1,NewOrder,1763850265,009937,149114,45,1
2,Payment,1763850265,016921,443223,24,1
2,Payment,1763850265,024998,320955,17,1
1,NewOrder,1763850265,042304,154595,2,1
4,Delivery,1763850265,050847,48137,15,1
2,Payment,1763850265,055206,445432,29,1
2,Payment,1763850265,057701,258776,47,1
1,NewOrder,1763850265,069171,397494,18,1
2,Payment,1763850265,074963,276536,1,1
1,NewOrder,1763850265,075270,485807,19,1
1,NewOrder,1763850265,075398,520853,40,1
5,StockLevel,1763850265,077044,326751,8,1
1,NewOrder,1763850265,082941,338323,33,1
2,Payment,1763850265,088588,412367,22,1
1,NewOrder,1763850265,094174,335924,26,1
1,NewOrder,1763850265,098932,210173,6,1
4,Delivery,1763850265,098996,705311,34,1
2,Payment,1763850265,099001,532485,15,1
1,NewOrder,1763850265,115792,463959,42,1
2,Payment,1763850265,141508,210189,48,1
1,NewOrder,1763850265,146403,180043,5,1
2,Payment,1763850265,146523,260815,37,1
2,Payment,1763850265,155925,297636,36,1
2,Payment,1763850265,159107,237748,45,1
2,Payment,1763850265,168718,814930,32,1
1,NewOrder,1763850265,190991,671824,14,1
2,Payment,1763850265,191217,346270,25,1
1,NewOrder,1763850265,191382,188028,9,1
1,NewOrder,1763850265,196944,309998,2,1
2,Payment,1763850265,202096,308653,38,1
1,NewOrder,1763850265,219173,702791,31,1
2,Payment,1763850265,221194,395803,28,1
2,Payment,1763850265,239792,209679,49,1
2,Payment,1763850265,246647,399647,44,1
2,Payment,1763850265,256451,374889,35,1
2,Payment,1763850265,271785,434825,16,1
1,NewOrder,1763850265,277696,849734,30,1
1,NewOrder,1763850265,281643,329520,3,1
1,NewOrder,1763850265,286707,429227,46,1
1,NewOrder,1763850265,286715,410681,0,1
1,NewOrder,1763850265,301837,550584,23,1
2,Payment,1763850265,309135,116242,6,1
1,NewOrder,1763850265,316524,327330,47,1
1,NewOrder,1763850265,321242,314738,4,1
1,NewOrder,1763850265,321316,219236,41,1
4,Delivery,1763850265,326469,98080,5,1
2,Payment,1763850265,346001,395270,17,1
1,NewOrder,1763850265,351530,284450,1,1
3,OrderStatus,1763850265,351739,39010,48,1
1,NewOrder,1763850265,365903,437364,20,1
1,NewOrder,1763850265,376228,476080,43,1
1,NewOrder,1763850265,379396,566394,39,1
1,NewOrder,1763850265,379441,252261,7,1
1,NewOrder,1763850265,379446,232183,9,1
2,Payment,1763850265,379458,314857,27,1
2,Payment,1763850265,390787,413577,48,1
1,NewOrder,1763850265,396900,335556,45,1
2,Payment,1763850265,403834,312035,8,1
1,NewOrder,1763850265,407362,361268,37,1
1,NewOrder,1763850265,411870,322274,21,1
1,NewOrder,1763850265,421293,745748,33,1
1,NewOrder,1763850265,424597,587679,5,1
2,Payment,1763850265,425408,339059,6,1
1,NewOrder,1763850265,430136,476559,26,1
2,Payment,1763850265,449701,413590,49,1
2,Payment,1763850265,453534,564524,11,1
2,Payment,1763850265,453754,543323,36,1
1,NewOrder,1763850265,460173,184643,24,1
5,StockLevel,1763850265,466695,385613,18,1
1,NewOrder,1763850265,492109,226143,10,1
1,NewOrder,1763850265,500786,351819,29,1
1,NewOrder,1763850265,500992,144168,22,1
1,NewOrder,1763850265,506981,289228,2,1
2,Payment,1763850265,510797,543978,38,1
2,Payment,1763850265,527812,584019,12,1
2,Payment,1763850265,537617,432249,25,1
1,NewOrder,1763850265,540603,262573,41,1
1,NewOrder,1763850265,561118,360593,19,1
1,NewOrder,1763850265,579794,225482,42,1
4,Delivery,1763850265,596300,142645,40,1
1,NewOrder,1763850265,611210,191389,3,1
2,Payment,1763850265,611726,454915,9,1
1,NewOrder,1763850265,617042,236028,28,1
2,Payment,1763850265,631523,473086,35,1
2,Payment,1763850265,631531,361988,15,1
1,NewOrder,1763850265,631728,324828,7,1
1,NewOrder,1763850265,636021,216445,4,1
1,NewOrder,1763850265,636021,279432,1,1
2,Payment,1763850265,643900,257319,47,1
1,NewOrder,1763850265,644852,466730,24,1
2,Payment,1763850265,645184,229463,22,1
2,Payment,1763850265,646327,248123,44,1
4,Delivery,1763850265,694396,417118,27,1
4,Delivery,1763850265,697440,141172,0,1
1,NewOrder,1763850265,706648,117891,16,1
1,NewOrder,1763850265,715905,255980,8,1
1,NewOrder,1763850265,715963,324004,46,1
1,NewOrder,1763850265,718284,625245,10,1
2,Payment,1763850265,732491,486845,45,1
1,NewOrder,1763850265,734173,320883,21,1
3,OrderStatus,1763850265,738985,114012,40,1
2,Payment,1763850265,741307,309695,17,1
1,NewOrder,1763850265,764502,455023,6,1
5,StockLevel,1763850265,768679,310296,37,1
1,NewOrder,1763850265,796257,261075,2,1
2,Payment,1763850265,802628,308780,3,1
2,Payment,1763850265,803200,162310,41,1
2,Payment,1763850265,803283,372878,20,1
1,NewOrder,1763850265,804339,313366,34,1
1,NewOrder,1763850265,804392,370031,48,1
2,Payment,1763850265,805303,226049,42,1
1,NewOrder,1763850265,824584,454397,16,1
1,NewOrder,1763850265,838671,489750,0,1
1,NewOrder,1763850265,852350,374724,43,1
1,NewOrder,1763850265,852351,360912,18,1
2,Payment,1763850265,852455,357395,23,1
2,Payment,1763850265,852487,502225,4,1
2,Payment,1763850265,852624,176001,29,1
1,NewOrder,1763850265,853014,340616,40,1
2,Payment,1763850265,853087,258334,28,1
1,NewOrder,1763850265,862858,434679,14,1
1,NewOrder,1763850265,863311,282208,49,1
5,StockLevel,1763850265,874710,219246,22,1
3,OrderStatus,1763850265,894502,44605,44,1
1,NewOrder,1763850265,901266,403373,47,1
2,Payment,1763850265,906745,256986,26,1
2,Payment,1763850265,915499,453589,1,1
2,Payment,1763850265,921753,395299,19,1
3,OrderStatus,1763850265,921998,39620,31,1
2,Payment,1763850265,939147,365638,44,1
2,Payment,1763850265,945831,185255,39,1
2,Payment,1763850265,956590,319347,7,1
1,NewOrder,1763850265,960239,245764,13,1
2,Payment,1763850265,961650,283070,31,1
2,Payment,1763850265,965535,367527,41,1
2,Payment,1763850265,969906,249545,25,1
1,NewOrder,1763850265,971919,263546,8,1
2,Payment,1763850265,983719,294979,32,1
2,Payment,1763850265,993566,346893,15,1
1,NewOrder,1763850265,997112,397087,36,1
4,Delivery,1763850266,012311,105306,5,1
4,Delivery,1763850266,018086,233218,11,1
1,NewOrder,1763850266,029095,321123,29,1
3,OrderStatus,1763850266,031393,32153,42,1
2,Payment,1763850266,040019,292713,46,1
1,NewOrder,1763850266,051027,357822,17,1
4,Delivery,1763850266,054817,278152,38,1
1,NewOrder,1763850266,055072,284864,21,1
1,NewOrder,1763850266,057370,202353,2,1
1,NewOrder,1763850266,063590,349174,42,1
4,Delivery,1763850266,066766,507183,9,1
2,Payment,1763850266,079015,361838,37,1
1,NewOrder,1763850266,093991,260944,22,1
2,Payment,1763850266,104639,375750,35,1
1,NewOrder,1763850266,111452,354915,3,1
2,Payment,1763850266,111459,253712,28,1
1,NewOrder,1763850266,111531,221190,27,1
2,Payment,1763850266,111602,361289,24,1
2,Payment,1763850266,111849,253331,12,1
2,Payment,1763850266,117646,193325,5,1
2,Payment,1763850266,117732,225786,34,1
4,Delivery,1763850266,127523,85699,30,1
2,Payment,1763850266,131119,441763,39,1
2,Payment,1763850266,145552,213114,49,1
2,Payment,1763850266,163758,237639,26,1
2,Payment,1763850266,167081,198054,33,1
2,Payment,1763850266,174463,240930,48,1
2,Payment,1763850266,176190,335698,20,1
1,NewOrder,1763850266,193720,167594,40,1
2,Payment,1763850266,206041,256291,13,1
2,Payment,1763850266,209886,453888,23,1
1,NewOrder,1763850266,213267,460552,30,1
2,Payment,1763850266,213301,253008,18,1
2,Payment,1763850266,219377,236873,45,1
5,StockLevel,1763850266,219486,258228,25,1
1,NewOrder,1763850266,219546,541002,6,1
2,Payment,1763850266,227116,200033,43,1
2,Payment,1763850266,235514,119281,8,1
1,NewOrder,1763850266,244755,250095,31,1
2,Payment,1763850266,251335,238025,11,1
2,Payment,1763850266,259754,235098,2,1
2,Payment,1763850266,275971,509580,7,1
1,NewOrder,1763850266,278732,269732,32,1
2,Payment,1763850266,279003,215981,16,1
3,OrderStatus,1763850266,297566,32173,14,1
2,Payment,1763850266,304737,201804,47,1
4,Delivery,1763850266,304814,877466,44,1
1,NewOrder,1763850266,311000,429242,5,1
2,Payment,1763850266,317085,219624,19,1
2,Payment,1763850266,328461,276074,0,1
2,Payment,1763850266,329774,279636,14,1
1,NewOrder,1763850266,332757,330734,27,1
2,Payment,1763850266,332761,286575,46,1
1,NewOrder,1763850266,332990,501967,38,1
1,NewOrder,1763850266,333077,1250855,41,1
2,Payment,1763850266,339969,384301,21,1
2,Payment,1763850266,340482,233110,15,1
2,Payment,1763850266,343549,379202,34,1
1,NewOrder,1763850266,343553,436260,10,1
2,Payment,1763850266,350251,372618,29,1
2,Payment,1763850266,354742,300554,4,1
1,NewOrder,1763850266,354809,1057360,8,1
1,NewOrder,1763850266,354956,921464,22,1
2,Payment,1763850266,358693,304858,49,1
2,Payment,1763850266,361347,1328533,40,1
1,NewOrder,1763850266,365160,721166,33,1
4,Delivery,1763850266,365193,220848,12,1
5,StockLevel,1763850266,365194,244391,28,1
1,NewOrder,1763850266,369123,717190,1,1
2,Payment,1763850266,394240,622461,36,1
1,NewOrder,1763850266,401438,461847,26,1
1,NewOrder,1763850266,408923,298677,17,1
2,Payment,1763850266,412803,1341064,42,1
1,NewOrder,1763850266,415427,360027,48,1
2,Payment,1763850266,427188,1379202,43,1
2,Payment,1763850266,440886,679126,37,1
2,Payment,1763850266,456292,889214,45,1
2,Payment,1763850266,462356,357513,13,1
1,NewOrder,1763850266,466348,271202,18,1
3,OrderStatus,1763850266,466385,47403,3,1
2,Payment,1763850266,472933,1086489,24,1
1,NewOrder,1763850266,477754,543980,25,1
1,NewOrder,1763850266,480424,224097,35,1
1,NewOrder,1763850266,489385,290471,11,1
2,Payment,1763850266,494897,1042357,2,1
1,NewOrder,1763850266,494898,781560,31,1
2,Payment,1763850266,495007,288718,16,1
3,OrderStatus,1763850266,506586,126354,47,1
2,Payment,1763850266,511933,1124762,20,1
1,NewOrder,1763850266,513827,353710,3,1
1,NewOrder,1763850266,536755,179787,19,1
1,NewOrder,1763850266,548515,893132,32,1
1,NewOrder,1763850266,572932,1133434,39,1
1,NewOrder,1763850266,573728,1004049,15,1
1,NewOrder,1763850266,573982,838756,9,1
1,NewOrder,1763850266,586084,136379,12,1
2,Payment,1763850266,604729,973180,0,1
2,Payment,1763850266,609453,480647,14,1
1,NewOrder,1763850266,609624,476267,28,1
1,NewOrder,1763850266,619509,529542,46,1
1,NewOrder,1763850266,632987,211206,47,1
3,OrderStatus,1763850266,655341,20099,4,1
1,NewOrder,1763850266,663601,423694,27,1
2,Payment,1763850266,663760,749149,49,1
1,NewOrder,1763850266,663801,643103,23,1
1,NewOrder,1763850266,673863,387137,30,1
2,Payment,1763850266,675472,1026963,4,1
1,NewOrder,1763850266,704551,819223,35,1
2,Payment,1763850266,707648,966787,17,1
1,NewOrder,1763850266,716581,695377,19,1
2,Payment,1763850266,722516,524448,12,1
2,Payment,1763850266,722792,854938,34,1
1,NewOrder,1763850266,722894,395429,29,1
5,StockLevel,1763850266,724301,970865,21,1
1,NewOrder,1763850266,737587,538833,18,1
2,Payment,1763850266,740277,898032,5,1
3,OrderStatus,1763850266,760575,67329,6,1
5,StockLevel,1763850266,775491,1012861,48,1
4,Delivery,1763850266,779849,66167,10,1
2,Payment,1763850266,779883,625376,11,1
1,NewOrder,1763850266,783753,1188442,16,1
2,Payment,1763850266,785579,941820,7,1
1,NewOrder,1763850266,819901,886419,13,1
2,Payment,1763850266,827935,949981,6,1
2,Payment,1763850266,834994,961926,38,1
2,Payment,1763850266,844212,729393,47,1
1,NewOrder,1763850266,846037,854477,10,1
2,Payment,1763850266,863326,512499,26,1
4,Delivery,1763850266,867577,937571,3,1
2,Payment,1763850267,016737,849309,36,1
2,Payment,1763850267,021773,678969,25,1
1,NewOrder,1763850267,061038,831734,30,1
3,OrderStatus,1763850267,085937,224172,28,1
1,NewOrder,1763850267,086337,843222,1,1
1,NewOrder,1763850267,086337,636284,33,1
2,Payment,1763850267,087323,691004,27,1
1,NewOrder,1763850267,090131,1104096,14,1
2,Payment,1763850267,118396,695405,29,1
2,Payment,1763850267,120051,800888,37,1
2,Payment,1763850267,149095,550872,46,1
2,Payment,1763850267,182323,665882,44,1
5,StockLevel,1763850267,246995,632768,12,1
2,Payment,1763850267,276455,752848,18,1
2,Payment,1763850267,276456,505686,22,1
2,Payment,1763850267,276485,718290,31,1
2,Payment,1763850267,306936,509183,23,1
2,Payment,1763850267,310146,542911,28,1
1,NewOrder,1763850267,345552,595516,45,1
1,NewOrder,1763850267,375860,664732,26,1
2,Payment,1763850267,405299,820467,11,1
4,Delivery,1763850267,412015,649592,19,1
2,Payment,1763850267,412188,403907,8,1
5,StockLevel,1763850267,412775,388941,9,1
1,NewOrder,1763850267,412962,615672,49,1
2,Payment,1763850267,441716,591557,32,1
1,NewOrder,1763850267,523869,552095,35,1
1,NewOrder,1763850267,537298,356232,2,1
2,Payment,1763850267,559471,300999,24,1
2,Payment,1763850267,573649,482936,47,1
2,Payment,1763850267,577972,470067,15,1
2,Payment,1763850267,578236,478398,34,1
2,Payment,1763850267,578378,415897,0,1
1,NewOrder,1763850267,583970,472532,41,1
1,NewOrder,1763850267,636745,398134,20,1
5,StockLevel,1763850267,638344,360110,5,1
1,NewOrder,1763850267,674482,517633,17,1
5,StockLevel,1763850267,689924,308208,40,1
1,NewOrder,1763850267,695216,334334,21,1
2,Payment,1763850267,700009,395221,46,1
2,Payment,1763850267,700554,646390,10,1
3,OrderStatus,1763850267,700759,54363,25,1
2,Payment,1763850267,702469,341850,4,1
1,NewOrder,1763850267,706351,595012,13,1
1,NewOrder,1763850267,706388,377422,39,1
2,Payment,1763850267,722680,438378,33,1
1,NewOrder,1763850267,727441,287062,7,1
1,NewOrder,1763850267,753914,297894,42,1
1,NewOrder,1763850267,755157,356194,25,1
4,Delivery,1763850267,777964,238068,6,1
2,Payment,1763850267,778349,413788,27,1
2,Payment,1763850267,782169,352726,22,1
2,Payment,1763850267,788396,364804,48,1
2,Payment,1763850267,796974,314534,38,1
2,Payment,1763850267,801764,243975,9,1
2,Payment,1763850267,805193,290168,3,1
1,NewOrder,1763850267,806427,245301,43,1
2,Payment,1763850267,813854,429449,29,1
1,NewOrder,1763850267,816138,291847,8,1
1,NewOrder,1763850267,816155,285772,23,1
1,NewOrder,1763850267,848257,242555,44,1
2,Payment,1763850267,853137,450780,28,1
3,OrderStatus,1763850267,860517,22666,24,1
3,OrderStatus,1763850267,866094,65273,36,1
1,NewOrder,1763850267,879802,415476,12,1
2,Payment,1763850267,883214,331726,24,1
2,Payment,1763850267,892809,302782,30,1
2,Payment,1763850267,893711,230194,2,1
2,Payment,1763850267,920997,239988,37,1
1,NewOrder,1763850267,929604,302551,1,1
3,OrderStatus,1763850267,931411,47021,36,1
1,NewOrder,1763850267,941158,313913,45,1
1,NewOrder,1763850267,972245,211685,16,1
1,NewOrder,1763850267,978477,272374,36,1
1,NewOrder,1763850267,994325,204090,0,1
1,NewOrder,1763850267,994812,260124,31,1
2,Payment,1763850267,998177,123501,40,1
2,Payment,1763850267,998496,216054,5,1
2,Payment,1763850268,014550,230061,7,1
1,NewOrder,1763850268,016070,153489,6,1
2,Payment,1763850268,028695,412140,49,1
2,Payment,1763850268,029328,239056,18,1
1,NewOrder,1763850268,029576,274752,21,1
2,Payment,1763850268,033310,270649,32,1
3,OrderStatus,1763850268,034915,11862,20,1
2,Payment,1763850268,040627,308907,26,1
5,StockLevel,1763850268,044349,463617,4,1
2,Payment,1763850268,045771,242324,9,1
1,NewOrder,1763850268,046803,272660,20,1
2,Payment,1763850268,048061,253223,15,1
1,NewOrder,1763850268,051759,162824,43,1
1,NewOrder,1763850268,051834,122791,42,1
1,NewOrder,1763850268,056533,171860,41,1
1,NewOrder,1763850268,056609,283175,47,1
1,NewOrder,1763850268,056716,211700,34,1
1,NewOrder,1763850268,061638,456808,19,1
2,Payment,1763850268,076004,249988,35,1
1,NewOrder,1763850268,083848,186875,39,1
1,NewOrder,1763850268,090849,119564,44,1
2,Payment,1763850268,095268,445639,46,1
1,NewOrder,1763850268,095391,184083,3,1
2,Payment,1763850268,101962,245199,23,1
1,NewOrder,1763850268,108032,424912,8,1
2,Payment,1763850268,111391,327580,25,1
2,Payment,1763850268,111531,274977,38,1
1,NewOrder,1763850268,121720,92755,40,1
1,NewOrder,1763850268,123939,146861,2,1
3,OrderStatus,1763850268,134929,53574,22,1
1,NewOrder,1763850268,153232,598863,48,1
1,NewOrder,1763850268,161017,393056,37,1
2,Payment,1763850268,161085,188494,33,1
2,Payment,1763850268,169593,404122,6,1
2,Payment,1763850268,174687,80170,42,1
2,Payment,1763850268,183964,444754,16,1
1,NewOrder,1763850268,188578,82151,22,1
3,OrderStatus,1763850268,192149,14314,17,1
1,NewOrder,1763850268,192150,452432,27,1
2,Payment,1763850268,194256,301262,14,1
1,NewOrder,1763850268,195646,402553,30,1
1,NewOrder,1763850268,198444,63103,0,1
5,StockLevel,1763850268,206527,379739,17,1
2,Payment,1763850268,210451,93470,44,1
2,Payment,1763850268,214575,414190,5,1
2,Payment,1763850268,214737,127418,40,1
1,NewOrder,1763850268,214976,350354,24,1
2,Payment,1763850268,215046,187387,43,1
2,Payment,1763850268,225799,320367,11,1
1,NewOrder,1763850268,228419,366612,41,1
2,Payment,1763850268,232189,101810,1,1
1,NewOrder,1763850268,243338,360274,29,1
1,NewOrder,1763850268,244647,176820,7,1
1,NewOrder,1763850268,250888,226209,36,1
1,NewOrder,1763850268,254889,310496,42,1
2,Payment,1763850268,254959,398293,31,1
1,NewOrder,1763850268,255089,522705,45,1
2,Payment,1763850268,261580,198669,0,1
2,Payment,1763850268,268443,446146,34,1
1,NewOrder,1763850268,268520,265041,18,1
2,Payment,1763850268,270750,357942,39,1
2,Payment,1763850268,270754,357988,22,1
2,Payment,1763850268,270814,219342,2,1
2,Payment,1763850268,279506,250236,3,1
1,NewOrder,1763850268,288126,631600,9,1
2,Payment,1763850268,295316,313409,12,1
2,Payment,1763850268,301315,429550,15,1
5,StockLevel,1763850268,301383,217345,13,1
2,Payment,1763850268,303947,332976,44,1
2,Payment,1763850268,303950,387145,28,1
1,NewOrder,1763850268,303967,250782,32,1
1,NewOrder,1763850268,304344,258814,21,1
1,NewOrder,1763850268,319498,258414,20,1
3,OrderStatus,1763850268,326027,70425,35,1
2,Payment,1763850268,334031,243698,1,1
1,NewOrder,1763850268,339811,439729,47,1
1,NewOrder,1763850268,342187,266641,40,1
2,Payment,1763850268,346991,289035,10,1
2,Payment,1763850268,347193,347259,23,1
2,Payment,1763850268,349564,413307,26,1
3,OrderStatus,1763850268,349603,95047,33,1
2,Payment,1763850268,386538,309631,38,1
2,Payment,1763850268,396483,340068,35,1
2,Payment,1763850268,402468,319629,43,1
1,NewOrder,1763850268,421505,418887,7,1
1,NewOrder,1763850268,439012,802483,25,1
1,NewOrder,1763850268,440864,280458,49,1
2,Payment,1763850268,444752,311988,33,1
2,Payment,1763850268,460280,161343,0,1
1,NewOrder,1763850268,477129,453034,36,1
1,NewOrder,1763850268,490184,349490,2,1
2,Payment,1763850268,495549,212693,14,1
2,Payment,1763850268,508000,382329,4,1
1,NewOrder,1763850268,518472,297385,19,1
1,NewOrder,1763850268,518747,451671,13,1
1,NewOrder,1763850268,529767,330794,3,1
2,Payment,1763850268,532971,427215,8,1
2,Payment,1763850268,533575,385353,18,1
1,NewOrder,1763850268,540934,236553,46,1
1,NewOrder,1763850268,546204,232769,11,1
1,NewOrder,1763850268,554102,364983,37,1
2,Payment,1763850268,554770,237687,32,1
1,NewOrder,1763850268,563191,370848,21,1
2,Payment,1763850268,565361,196802,24,1
1,NewOrder,1763850268,565408,323241,42,1
1,NewOrder,1763850268,573746,197268,6,1
1,NewOrder,1763850268,577759,262751,1,1
3,OrderStatus,1763850268,577926,4136,20,1
2,Payment,1763850268,582090,377036,20,1
1,NewOrder,1763850268,586338,285022,17,1
1,NewOrder,1763850268,595061,280270,41,1
2,Payment,1763850268,598229,266387,30,1
4,Delivery,1763850268,603640,521115,29,1
2,Payment,1763850268,608762,405421,12,1
2,Payment,1763850268,608850,310179,40,1
1,NewOrder,1763850268,621718,475767,0,1
5,StockLevel,1763850268,628725,202149,39,1
1,NewOrder,1763850268,628757,188208,16,1
2,Payment,1763850268,628762,366050,22,1
1,NewOrder,1763850268,628779,516857,5,1
2,Payment,1763850268,636066,418774,10,1
2,Payment,1763850268,636951,307559,44,1
5,StockLevel,1763850268,644619,259965,27,1
1,NewOrder,1763850268,653290,377908,31,1
1,NewOrder,1763850268,691124,243245,28,1
2,Payment,1763850268,694532,352317,23,1
2,Payment,1763850268,696205,301145,38,1
2,Payment,1763850268,708282,385916,14,1
3,OrderStatus,1763850268,714635,22640,34,1
1,NewOrder,1763850268,721350,259031,49,1
1,NewOrder,1763850268,722128,438334,43,1
1,NewOrder,1763850268,730898,283526,15,1
2,Payment,1763850268,736589,311475,35,1
2,Payment,1763850268,737298,321698,34,1
1,NewOrder,1763850268,752129,302483,48,1
1,NewOrder,1763850268,756765,202362,33,1
1,NewOrder,1763850268,762211,400141,24,1
2,Payment,1763850268,762893,491653,26,1
1,NewOrder,1763850268,771039,384411,6,1
5,StockLevel,1763850268,777515,196983,46,1
4,Delivery,1763850268,777818,110245,45,1
5,StockLevel,1763850268,778999,239939,11,1
2,Payment,1763850268,779556,318320,47,1
2,Payment,1763850268,792500,304826,32,1
2,Payment,1763850268,815915,283216,19,1
1,NewOrder,1763850268,817004,242983,16,1
2,Payment,1763850268,830924,266481,39,1
2,Payment,1763850268,839724,325345,2,1
1,NewOrder,1763850268,840427,256813,7,1
2,Payment,1763850268,840548,298993,1,1
2,Payment,1763850268,860611,330748,3,1
1,NewOrder,1763850268,864680,403201,30,1
2,Payment,1763850268,871408,279482,17,1
2,Payment,1763850268,875379,316038,41,1
2,Payment,1763850268,888109,262828,45,1
1,NewOrder,1763850268,888694,266825,42,1
2,Payment,1763850268,890366,351209,4,1
1,NewOrder,1763850268,904622,401017,27,1
2,Payment,1763850268,918961,268365,18,1
2,Payment,1763850268,919075,303233,40,1
1,NewOrder,1763850268,919102,390825,37,1
2,Payment,1763850268,919748,271686,9,1
1,NewOrder,1763850268,930203,304751,36,1
1,NewOrder,1763850268,934079,294414,21,1
2,Payment,1763850268,934394,469470,28,1
4,Delivery,1763850268,945252,441545,44,1
1,NewOrder,1763850268,959179,235370,20,1
2,Payment,1763850268,959180,403076,33,1
2,Payment,1763850268,960210,286096,8,1
1,NewOrder,1763850268,970456,194649,13,1
5,StockLevel,1763850268,974531,160144,46,1
1,NewOrder,1763850268,980640,265665,49,1
1,NewOrder,1763850268,994846,276441,22,1
2,Payment,1763850268,997412,360629,38,1
2,Payment,1763850269,014217,268894,12,1
2,Payment,1763850269,014443,256738,15,1
1,NewOrder,1763850269,018967,172838,11,1
1,NewOrder,1763850269,031235,215139,31,1
1,NewOrder,1763850269,046933,217243,23,1
2,Payment,1763850269,048795,345194,35,1
1,NewOrder,1763850269,054877,209029,48,1
1,NewOrder,1763850269,054878,177179,10,1
2,Payment,1763850269,059032,344991,34,1
2,Payment,1763850269,060065,237108,16,1
1,NewOrder,1763850269,094230,317822,14,1
2,Payment,1763850269,097269,193974,7,1
1,NewOrder,1763850269,097346,431226,32,1
2,Payment,1763850269,097416,332039,39,1
2,Payment,1763850269,097502,166383,0,1
2,Payment,1763850269,097888,193494,47,1
2,Payment,1763850269,099157,233136,19,1
1,NewOrder,1763850269,124788,233265,29,1
1,NewOrder,1763850269,134709,116962,46,1
1,NewOrder,1763850269,139572,205510,1,1
1,NewOrder,1763850269,145721,244114,5,1
1,NewOrder,1763850269,150922,284663,17,1
2,Payment,1763850269,150950,171520,45,1
1,NewOrder,1763850269,155479,248381,6,1
1,NewOrder,1763850269,155540,270188,42,1
2,Payment,1763850269,160494,81093,43,1
5,StockLevel,1763850269,162372,361548,24,1
1,NewOrder,1763850269,165101,179917,2,1
1,NewOrder,1763850269,165139,238666,13,1
2,Payment,1763850269,187359,280613,18,1
1,NewOrder,1763850269,191388,228843,3,1
2,Payment,1763850269,191438,398697,41,1
1,NewOrder,1763850269,191447,212392,9,1
1,NewOrder,1763850269,191822,179714,11,1
1,NewOrder,1763850269,194582,107723,20,1
1,NewOrder,1763850269,222354,326638,40,1
2,Payment,1763850269,228533,100015,21,1
1,NewOrder,1763850269,232082,151155,10,1
2,Payment,1763850269,234992,211950,36,1
2,Payment,1763850269,241566,174580,25,1
2,Payment,1763850269,241603,200004,4,1
1,NewOrder,1763850269,241611,478316,43,1
1,NewOrder,1763850269,246367,141002,49,1
1,NewOrder,1763850269,246401,285544,31,1
1,NewOrder,1763850269,246600,142120,8,1
2,Payment,1763850269,251753,89502,46,1
2,Payment,1763850269,254569,187027,26,1
1,NewOrder,1763850269,263926,380544,0,1
2,Payment,1763850269,263937,183041,48,1
2,Payment,1763850269,264200,85569,23,1
2,Payment,1763850269,267918,307087,30,1
2,Payment,1763850269,271218,257482,15,1
2,Payment,1763850269,271321,94266,22,1
1,NewOrder,1763850269,283150,116324,12,1
1,NewOrder,1763850269,291284,74303,7,1
2,Payment,1763850269,291401,199854,47,1
2,Payment,1763850269,297217,261770,16,1
3,OrderStatus,1763850269,302346,27026,20,1
2,Payment,1763850269,305688,222900,27,1
2,Payment,1763850269,309975,204666,37,1
1,NewOrder,1763850269,322515,84293,45,1
2,Payment,1763850269,328591,59468,21,1
2,Payment,1763850269,329403,74437,20,1
1,NewOrder,1763850269,332337,391627,19,1
2,Payment,1763850269,341287,187283,46,1
2,Payment,1763850269,345051,353736,2,1
1,NewOrder,1763850269,345107,250964,1,1
2,Payment,1763850269,349805,97229,23,1
1,NewOrder,1763850269,358078,429808,38,1
2,Payment,1763850269,358082,216013,29,1
2,Payment,1763850269,362284,246990,33,1
3,OrderStatus,1763850269,365621,19437,7,1
2,Payment,1763850269,365747,179060,22,1
2,Payment,1763850269,371569,75492,11,1
2,Payment,1763850269,383273,165290,10,1
1,NewOrder,1763850269,385087,163486,7,1
5,StockLevel,1763850269,386827,67274,44,1
2,Payment,1763850269,387385,177343,49,1
2,Payment,1763850269,388081,208814,21,1
2,Payment,1763850269,388744,207199,8,1
1,NewOrder,1763850269,389860,462676,5,1
1,NewOrder,1763850269,394021,368460,35,1
1,NewOrder,1763850269,399505,376252,12,1
2,Payment,1763850269,403837,448699,13,1
1,NewOrder,1763850269,403860,577929,20,1
2,Payment,1763850269,403863,509322,9,1
1,NewOrder,1763850269,403872,371262,6,1
2,Payment,1763850269,403880,236857,28,1
2,Payment,1763850269,404037,247660,34,1
1,NewOrder,1763850269,406838,291278,45,1
2,Payment,1763850269,412089,497200,14,1
1,NewOrder,1763850269,416176,397978,25,1
2,Payment,1763850269,420286,350081,3,1
1,NewOrder,1763850269,425762,401053,42,1
1,NewOrder,1763850269,429484,596700,39,1
2,Payment,1763850269,435642,348296,17,1
2,Payment,1763850269,441624,431951,26,1
1,NewOrder,1763850269,441630,584562,4,1
1,NewOrder,1763850269,446984,251319,36,1
1,NewOrder,1763850269,447018,237710,48,1
2,Payment,1763850269,447056,585990,23,1
2,Payment,1763850269,447077,506920,11,1
5,StockLevel,1763850269,454145,9992,44,1
5,StockLevel,1763850269,464181,59767,44,1
2,Payment,1763850269,468071,354562,18,1
2,Payment,1763850269,491291,361251,47,1
2,Payment,1763850269,514681,552563,37,1
2,Payment,1763850269,523972,538975,24,1
4,Delivery,1763850269,523998,397801,44,1
1,NewOrder,1763850269,528625,265001,46,1
2,Payment,1763850269,528626,383622,27,1
2,Payment,1763850269,528628,169357,32,1
1,NewOrder,1763850269,528717,118256,15,1
1,NewOrder,1763850269,531986,266557,31,1
4,Delivery,1763850269,544858,260422,22,1
2,Payment,1763850269,548609,428596,10,1
4,Delivery,1763850269,548616,278199,7,1
2,Payment,1763850269,549020,328435,40,1
1,NewOrder,1763850269,559033,483307,16,1
4,Delivery,1763850269,564769,437307,49,1
2,Payment,1763850269,574170,374479,29,1
2,Payment,1763850269,575038,353038,30,1
2,Payment,1763850269,590182,337551,41,1
2,Payment,1763850269,595992,340709,8,1
1,NewOrder,1763850269,596136,332359,1,1
2,Payment,1763850269,596925,510399,21,1
1,NewOrder,1763850269,609312,221279,33,1
2,Payment,1763850269,640775,388116,28,1
2,Payment,1763850269,644504,418541,0,1
4,Delivery,1763850269,646992,108501,15,1
1,NewOrder,1763850269,651726,243805,34,1
2,Payment,1763850269,684763,227799,48,1
1,NewOrder,1763850269,698125,419889,32,1
2,Payment,1763850269,698155,244344,45,1
1,NewOrder,1763850269,698328,502275,36,1
4,Delivery,1763850269,698812,308393,2,1
1,NewOrder,1763850269,719966,343225,43,1
1,NewOrder,1763850269,724050,276916,19,1
4,Delivery,1763850269,755527,54246,15,1
4,Delivery,1763850269,762512,84516,35,1
2,Payment,1763850269,770414,333930,3,1
5,StockLevel,1763850269,775176,192772,6,1
2,Payment,1763850269,775785,231486,12,1
2,Payment,1763850269,784013,283255,17,1
5,StockLevel,1763850269,787920,261205,38,1
1,NewOrder,1763850269,793675,353455,46,1
1,NewOrder,1763850269,798583,261768,31,1
2,Payment,1763850269,805309,337979,22,1
2,Payment,1763850269,809815,303581,15,1
4,Delivery,1763850269,814199,128517,25,1
1,NewOrder,1763850269,822692,434101,18,1
1,NewOrder,1763850269,826859,293756,42,1
4,Delivery,1763850269,826859,169208,7,1
2,Payment,1763850269,830635,365410,33,1
1,NewOrder,1763850269,847055,387722,35,1
5,StockLevel,1763850269,852570,178724,47,1
2,Payment,1763850269,852571,195556,13,1
2,Payment,1763850269,852578,132987,5,1
1,NewOrder,1763850269,873622,274442,26,1
1,NewOrder,1763850269,877499,145215,40,1
1,NewOrder,1763850269,895572,247707,34,1
2,Payment,1763850269,909314,179861,14,1
2,Payment,1763850269,912281,283697,27,1
2,Payment,1763850269,912576,281180,48,1
1,NewOrder,1763850269,913211,226602,9,1
1,NewOrder,1763850269,921828,171522,44,1
1,NewOrder,1763850269,927766,119122,41,1
1,NewOrder,1763850269,928101,1152646,30,1
2,Payment,1763850269,928512,200895,1,1
4,Delivery,1763850269,936736,453001,8,1
2,Payment,1763850269,942531,338767,45,1
2,Payment,1763850269,942740,302752,25,1
2,Payment,1763850269,948693,363777,29,1
1,NewOrder,1763850269,954032,332265,11,1
1,NewOrder,1763850269,967983,195180,6,1
2,Payment,1763850269,977231,329888,10,1
1,NewOrder,1763850269,981820,314032,20,1
2,Payment,1763850269,985597,215020,5,1
1,NewOrder,1763850269,996102,501424,7,1
2,Payment,1763850270,000987,397492,19,1
2,Payment,1763850270,002097,319190,49,1
2,Payment,1763850270,007247,159005,2,1
1,NewOrder,1763850270,007312,260469,12,1
1,NewOrder,1763850270,022757,120576,40,1
1,NewOrder,1763850270,026227,133602,39,1
2,Payment,1763850270,026231,174389,4,1
1,NewOrder,1763850270,028929,629248,28,1
2,Payment,1763850270,031325,397984,47,1
2,Payment,1763850270,033084,361695,23,1
4,Delivery,1763850270,042394,125185,16,1
2,Payment,1763850270,047394,149487,41,1
1,NewOrder,1763850270,048157,193245,13,1
1,NewOrder,1763850270,049154,244167,38,1
2,Payment,1763850270,060385,1203075,31,1
2,Payment,1763850270,062980,458641,24,1
2,Payment,1763850270,063069,197578,0,1
2,Payment,1763850270,063211,208994,43,1
2,Payment,1763850270,067267,337329,37,1
2,Payment,1763850270,067280,385519,17,1
2,Payment,1763850270,089224,306015,14,1
2,Payment,1763850270,093517,206911,44,1
1,NewOrder,1763850270,104388,246544,3,1
3,OrderStatus,1763850270,107364,16450,21,1
2,Payment,1763850270,113428,385361,15,1
1,NewOrder,1763850270,118053,251490,32,1
5,StockLevel,1763850270,120701,139946,42,1
2,Payment,1763850270,123848,440075,21,1
2,Payment,1763850270,129445,323311,1,1
1,NewOrder,1763850270,139841,223266,9,1
2,Payment,1763850270,143305,437852,22,1
4,Delivery,1763850270,143306,806524,34,1
2,Payment,1763850270,143355,255406,40,1
1,NewOrder,1763850270,147171,384555,46,1
5,StockLevel,1763850270,148097,369159,26,1
3,OrderStatus,1763850270,159931,27219,39,1
1,NewOrder,1763850270,163187,377545,6,1
1,NewOrder,1763850270,166305,248703,2,1
5,StockLevel,1763850270,167615,406820,16,1
1,NewOrder,1763850270,187228,311541,39,1
2,Payment,1763850270,193794,419445,48,1
2,Payment,1763850270,196015,544301,27,1
2,Payment,1763850270,196062,1255405,33,1
1,NewOrder,1763850270,196904,311993,41,1
5,StockLevel,1763850270,200636,645432,4,1
1,NewOrder,1763850270,200636,465052,36,1
4,Delivery,1763850270,200647,247289,5,1
1,NewOrder,1763850270,234868,340474,35,1
5,StockLevel,1763850270,241441,608757,13,1
1,NewOrder,1763850270,245520,197435,25,1
1,NewOrder,1763850270,256841,356551,18,1
1,NewOrder,1763850270,260769,267792,42,1
1,NewOrder,1763850270,260769,352543,0,1
2,Payment,1763850270,267830,279636,12,1
2,Payment,1763850270,272237,286180,43,1
2,Payment,1763850270,281322,380768,45,1
1,NewOrder,1763850270,286325,371941,11,1
1,NewOrder,1763850270,293362,363609,38,1
2,Payment,1763850270,295880,362895,20,1
1,NewOrder,1763850270,300455,201322,44,1
1,NewOrder,1763850270,307149,723672,10,1
1,NewOrder,1763850270,312498,1044497,29,1
1,NewOrder,1763850270,321324,219416,49,1
1,NewOrder,1763850270,350982,306006,3,1
2,Payment,1763850270,363148,207835,9,1
1,NewOrder,1763850270,369592,2394987,32,1
2,Payment,1763850270,389768,269069,8,1
2,Payment,1763850270,394825,300116,23,1
2,Payment,1763850270,395282,721778,14,1
2,Payment,1763850270,398521,283764,19,1
1,NewOrder,1763850270,398794,444677,40,1
1,NewOrder,1763850270,404640,86246,37,1
1,NewOrder,1763850270,415043,138030,2,1
2,Payment,1763850270,429346,344675,47,1
1,NewOrder,1763850270,442988,627638,25,1
1,NewOrder,1763850270,447979,323783,5,1
1,NewOrder,1763850270,452798,94448,1,1
1,NewOrder,1763850270,452837,204196,17,1
1,NewOrder,1763850270,490922,167379,37,1
1,NewOrder,1763850270,497563,331070,7,1
1,NewOrder,1763850270,498799,108281,39,1
1,NewOrder,1763850270,498812,425501,15,1
2,Payment,1763850270,501808,387083,44,1
1,NewOrder,1763850270,508930,174015,41,1
1,NewOrder,1763850270,517293,447026,26,1
3,OrderStatus,1763850270,521677,42900,24,1
2,Payment,1763850270,528593,424156,42,1
5,StockLevel,1763850270,531753,273199,46,1
1,NewOrder,1763850270,540768,600968,49,1
1,NewOrder,1763850270,540770,425530,6,1
2,Payment,1763850270,547284,168154,1,1
1,NewOrder,1763850270,547494,1057476,12,1
4,Delivery,1763850270,553109,163753,2,1
1,NewOrder,1763850270,558464,610325,43,1
1,NewOrder,1763850270,563959,485037,21,1
1,NewOrder,1763850270,564608,302558,24,1
2,Payment,1763850270,571020,423563,9,1
2,Payment,1763850270,574465,500999,16,1
2,Payment,1763850270,575362,191346,35,1
2,Payment,1763850270,581184,560551,22,1
1,NewOrder,1763850270,607114,413042,39,1
1,NewOrder,1763850270,613286,286741,48,1
2,Payment,1763850270,613350,189690,0,1
1,NewOrder,1763850270,613418,412202,18,1
2,Payment,1763850270,657014,484732,38,1
2,Payment,1763850270,657030,189092,3,1
2,Payment,1763850270,657051,577413,17,1
1,NewOrder,1763850270,658203,377885,28,1
2,Payment,1763850270,658290,1288625,11,1
1,NewOrder,1763850270,658321,366507,37,1
2,Payment,1763850270,658797,609709,20,1
2,Payment,1763850270,658861,377314,8,1
2,Payment,1763850270,662133,606396,45,1
1,NewOrder,1763850270,665733,258663,36,1
2,Payment,1763850270,682328,674618,19,1
5,StockLevel,1763850270,683042,487519,41,1
1,NewOrder,1763850270,694987,1754234,23,1
2,Payment,1763850270,715486,165952,1,1
3,OrderStatus,1763850270,716898,55732,2,1
1,NewOrder,1763850270,740401,283515,27,1
1,NewOrder,1763850270,766756,689436,35,1
1,NewOrder,1763850270,771807,684905,5,1
1,NewOrder,1763850270,772697,1455219,2,1
1,NewOrder,1763850270,774059,1283973,47,1
2,Payment,1763850270,803086,1649024,0,1
2,Payment,1763850270,804995,1476226,46,1
5,StockLevel,1763850270,828690,257521,7,1
1,NewOrder,1763850270,843517,237230,40,1
2,Payment,1763850270,846114,1922118,4,1
5,StockLevel,1763850270,846160,386577,3,1
2,Payment,1763850270,850244,1430992,13,1
2,Payment,1763850270,867204,1698383,24,1
1,NewOrder,1763850270,881471,3263236,1,1
1,NewOrder,1763850270,888933,463650,44,1
2,Payment,1763850270,900067,1551926,48,1
1,NewOrder,1763850270,924358,685986,15,1
2,Payment,1763850270,924446,1356861,36,1
2,Payment,1763850270,949882,1871193,34,1
2,Payment,1763850270,952794,503307,42,1
2,Payment,1763850270,964365,864239,26,1
1,NewOrder,1763850270,966342,390546,6,1
1,NewOrder,1763850270,994616,664573,9,1
1,NewOrder,1763850271,020188,488122,39,1
2,Payment,1763850271,023950,1201383,27,1
1,NewOrder,1763850271,024859,1087641,37,1
1,NewOrder,1763850271,025642,1369471,18,1
2,Payment,1763850271,030851,1421229,10,1
1,NewOrder,1763850271,036121,1732037,28,1
2,Payment,1763850271,036201,963188,8,1
1,NewOrder,1763850271,049027,1066168,21,1
2,Payment,1763850271,070718,1754074,25,1
2,Payment,1763850271,075495,1429750,16,1
1,NewOrder,1763850271,080779,1031763,40,1
1,NewOrder,1763850271,080779,1200528,30,1
3,OrderStatus,1763850271,086240,86197,7,1
2,Payment,1763850271,117093,1650917,14,1
2,Payment,1763850271,141771,1626476,49,1
1,NewOrder,1763850271,141771,1626506,38,1
1,NewOrder,1763850271,141771,571711,22,1
1,NewOrder,1763850271,168833,1176897,43,1
2,Payment,1763850271,170717,1281362,41,1
1,NewOrder,1763850271,172504,1279687,7,1
1,NewOrder,1763850271,232779,2913120,3,1
2,Payment,1763850271,234498,1533885,17,1
2,Payment,1763850271,263500,1605292,31,1
2,Payment,1763850271,268566,2153772,45,1
1,NewOrder,1763850271,268592,1556369,20,1
3,OrderStatus,1763850271,352634,206452,44,1
2,Payment,1763850271,356928,1505854,6,1
2,Payment,1763850271,356983,1467771,19,1
1,NewOrder,1763850271,357013,1411498,29,1
1,NewOrder,1763850271,451516,2694229,33,1
2,Payment,1763850271,456142,1312113,42,1
2,Payment,1763850271,456222,1368726,35,1
1,NewOrder,1763850271,456734,1311724,5,1
2,Payment,1763850271,508342,1913725,39,1
2,Payment,1763850271,559138,1310188,44,1
2,Payment,1763850271,605011,1817140,12,1
1,NewOrder,1763850271,610384,2535812,15,1
2,Payment,1763850271,659228,2044625,9,1
1,NewOrder,1763850271,713566,1055178,22,1
1,NewOrder,1763850271,828636,939609,26,1
2,Payment,1763850271,946945,2200489,11,1
1,NewOrder,1763850271,999423,2515857,8,1
2,Payment,1763850272,058080,1650426,47,1
1,NewOrder,1763850272,112532,396985,37,1
1,NewOrder,1763850272,112572,2032963,40,1
2,Payment,1763850272,115220,1164156,21,1
1,NewOrder,1763850272,225368,1919808,27,1
1,NewOrder,1763850272,227947,1918256,2,1
2,Payment,1763850272,281267,1864331,46,1
1,NewOrder,1763850272,281269,2093365,13,1
1,NewOrder,1763850272,281346,2056946,30,1
1,NewOrder,1763850272,281349,2290739,36,1
2,Payment,1763850272,345764,1992603,43,1
2,Payment,1763850272,395143,2002640,18,1
1,NewOrder,1763850272,449261,318760,23,1
1,NewOrder,1763850272,452029,2055607,48,1
1,NewOrder,1763850272,452109,1687358,41,1
1,NewOrder,1763850272,452110,2100143,10,1
2,Payment,1763850272,452125,1886572,0,1
1,NewOrder,1763850272,452215,1981619,7,1
2,Payment,1763850272,505287,1953136,16,1
5,StockLevel,1763850272,509558,2124191,37,1
1,NewOrder,1763850272,565625,1942551,24,1
2,Payment,1763850272,764677,1660119,32,1
1,NewOrder,1763850272,768046,1731714,14,1
2,Payment,1763850272,768055,1837588,23,1
1,NewOrder,1763850272,768184,941209,28,1
1,NewOrder,1763850272,768243,1731558,4,1
2,Payment,1763850272,768270,1642477,26,1
2,Payment,1763850272,768276,1794109,49,1
4,Delivery,1763850272,768279,1666880,42,1
5,StockLevel,1763850272,768298,1648864,38,1
2,Payment,1763850272,768390,1721002,17,1
1,NewOrder,1763850272,768474,1677254,5,1
1,NewOrder,1763850272,768525,1566174,29,1
2,Payment,1763850272,768755,1783499,22,1
2,Payment,1763850272,821128,1655869,34,1
1,NewOrder,1763850272,824795,1750282,19,1
1,NewOrder,1763850272,824827,1771441,25,1
2,Payment,1763850272,824970,1780381,35,1
2,Payment,1763850272,824985,1805791,20,1
2,Payment,1763850272,862820,1694132,6,1
2,Payment,1763850272,868829,1646637,31,1
1,NewOrder,1763850272,869608,1753887,44,1
2,Payment,1763850273,279407,1439696,21,1
2,Payment,1763850273,422101,1222712,39,1
2,Payment,1763850273,422164,1152912,12,1
2,Payment,1763850273,422361,1156223,45,1
2,Payment,1763850273,703909,906232,9,1
2,Payment,1763850273,708547,896932,47,1
1,NewOrder,1763850273,709420,814987,28,1
2,Payment,1763850274,139513,521862,41,1
1,NewOrder,1763850274,144753,529096,1,1
1,NewOrder,1763850274,145206,396128,27,1
2,Payment,1763850274,145616,499213,46,1
2,Payment,1763850274,145778,390128,33,1
1,NewOrder,1763850274,145926,334765,3,1
2,Payment,1763850274,146220,484986,15,1
1,NewOrder,1763850274,146227,406053,2,1
1,NewOrder,1763850274,146421,428623,40,1
5,StockLevel,1763850274,147462,474266,11,1
5,StockLevel,1763850274,334739,328743,29,1
1,NewOrder,1763850274,338338,327369,30,1
1,NewOrder,1763850274,338536,428529,43,1
2,Payment,1763850274,338723,262085,0,1
2,Payment,1763850274,374711,230864,13,1
2,Payment,1763850274,398526,267474,18,1
3,OrderStatus,1763850274,410794,53263,26,1
2,Payment,1763850274,417284,258988,38,1
2,Payment,1763850274,424842,273337,32,1
2,Payment,1763850274,433880,210945,7,1
1,NewOrder,1763850274,435198,299987,42,1
5,StockLevel,1763850274,445776,140884,5,1
1,NewOrder,1763850274,458463,151659,16,1
1,NewOrder,1763850274,464111,152773,26,1
1,NewOrder,1763850274,477031,172105,34,1
1,NewOrder,1763850274,480722,252644,3,1
2,Payment,1763850274,489430,250032,17,1
1,NewOrder,1763850274,499792,181029,14,1
2,Payment,1763850274,499823,279152,4,1
1,NewOrder,1763850274,507674,221435,48,1
2,Payment,1763850274,508200,242820,24,1
1,NewOrder,1763850274,515309,200154,8,1
1,NewOrder,1763850274,515483,115317,31,1
4,Delivery,1763850274,524439,327607,28,1
3,OrderStatus,1763850274,535977,43604,33,1
2,Payment,1763850274,541360,94902,27,1
1,NewOrder,1763850274,552285,305187,22,1
1,NewOrder,1763850274,552290,187187,10,1
2,Payment,1763850274,552299,282873,2,1
2,Payment,1763850274,556985,283959,6,1
2,Payment,1763850274,562423,216192,49,1
1,NewOrder,1763850274,572119,206867,36,1
1,NewOrder,1763850274,575075,156644,40,1
2,Payment,1763850274,575099,204041,19,1
2,Payment,1763850274,575100,207989,12,1
1,NewOrder,1763850274,578615,169319,45,1
1,NewOrder,1763850274,579611,179379,33,1
1,NewOrder,1763850274,586689,188083,5,1
5,StockLevel,1763850274,596296,710578,25,1
2,Payment,1763850274,600838,260598,0,1
2,Payment,1763850274,605380,194776,35,1
2,Payment,1763850274,605483,192449,47,1
1,NewOrder,1763850274,605584,242077,13,1
1,NewOrder,1763850274,605647,176976,23,1
1,NewOrder,1763850274,610153,248059,16,1
2,Payment,1763850274,610162,265429,9,1
2,Payment,1763850274,616917,35092,26,1
2,Payment,1763850274,621758,379495,11,1
2,Payment,1763850274,623534,159865,44,1
1,NewOrder,1763850274,630808,204392,20,1
2,Payment,1763850274,630833,210260,31,1
2,Payment,1763850274,631214,248421,15,1
3,OrderStatus,1763850274,633777,30042,37,1
4,Delivery,1763850274,636292,1021207,27,1
1,NewOrder,1763850274,644848,137786,39,1
2,Payment,1763850274,644853,262425,7,1
2,Payment,1763850274,644853,170668,46,1
2,Payment,1763850274,649166,216137,34,1
2,Payment,1763850274,652039,38492,26,1
1,NewOrder,1763850274,661436,231571,41,1
4,Delivery,1763850274,663508,773971,29,1
2,Payment,1763850274,663842,165365,37,1
1,NewOrder,1763850274,665740,117115,30,1
1,NewOrder,1763850274,666018,156235,18,1
2,Payment,1763850274,673881,215209,1,1
3,OrderStatus,1763850274,676305,53954,38,1
1,NewOrder,1763850274,680853,212648,14,1
3,OrderStatus,1763850274,690560,2881,26,1
1,NewOrder,1763850274,693477,363280,26,1
1,NewOrder,1763850274,698210,493048,32,1
2,Payment,1763850274,715494,252900,8,1
1,NewOrder,1763850274,719135,91465,21,1
1,NewOrder,1763850274,729141,123017,48,1
5,StockLevel,1763850274,730288,58373,38,1
1,NewOrder,1763850274,731747,103460,40,1
2,Payment,1763850274,733405,189097,3,1
5,StockLevel,1763850274,735215,579657,42,1
2,Payment,1763850274,739532,167511,17,1
5,StockLevel,1763850274,739541,283685,10,1
1,NewOrder,1763850274,747966,151109,45,1
2,Payment,1763850274,751052,143329,24,1
3,OrderStatus,1763850274,759020,51890,33,1
1,NewOrder,1763850274,767097,104419,43,1
1,NewOrder,1763850274,774804,379535,5,1
2,Payment,1763850274,778646,154073,49,1
1,NewOrder,1763850274,778996,535193,4,1
2,Payment,1763850274,779006,68767,36,1
2,Payment,1763850274,779157,172080,19,1
1,NewOrder,1763850274,782697,576665,39,1
1,NewOrder,1763850274,782703,388803,23,1
1,NewOrder,1763850274,782871,152477,30,1
2,Payment,1763850274,783101,298169,12,1
2,Payment,1763850274,783409,142361,44,1
2,Payment,1763850274,788689,104428,38,1
2,Payment,1763850274,797961,208452,47,1
1,NewOrder,1763850274,800184,495811,35,1
3,OrderStatus,1763850274,810708,17191,21,1
1,NewOrder,1763850274,810923,403182,33,1
2,Payment,1763850274,815564,248378,46,1
1,NewOrder,1763850274,822282,408891,18,1
1,NewOrder,1763850274,827933,363788,21,1
1,NewOrder,1763850274,829233,467015,37,1
1,NewOrder,1763850274,835202,460771,2,1
1,NewOrder,1763850274,835213,212474,20,1
1,NewOrder,1763850274,835229,555071,40,1
1,NewOrder,1763850274,840973,411670,6,1
2,Payment,1763850274,841113,438437,31,1
2,Payment,1763850274,847692,303569,13,1
2,Payment,1763850274,847796,571653,36,1
2,Payment,1763850274,852080,298611,28,1
1,NewOrder,1763850274,852183,444518,48,1
1,NewOrder,1763850274,857498,294683,22,1
2,Payment,1763850274,858254,489394,16,1
1,NewOrder,1763850274,861460,346650,0,1
2,Payment,1763850274,865334,463945,34,1
1,NewOrder,1763850274,871543,233682,43,1
5,StockLevel,1763850274,875627,364996,9,1
1,NewOrder,1763850274,879707,416173,15,1
2,Payment,1763850274,889122,447858,1,1
1,NewOrder,1763850274,893042,403033,41,1
4,Delivery,1763850274,893174,600646,38,1
1,NewOrder,1763850274,893518,438984,14,1
1,NewOrder,1763850274,894429,892139,24,1
2,Payment,1763850274,899105,472658,45,1
1,NewOrder,1763850274,907075,244806,17,1
1,NewOrder,1763850274,907299,389639,7,1
3,OrderStatus,1763850274,922539,134655,3,1
1,NewOrder,1763850274,925803,372078,44,1
1,NewOrder,1763850274,932754,396571,49,1
3,OrderStatus,1763850274,935378,159695,30,1
2,Payment,1763850274,951285,444213,19,1
1,NewOrder,1763850274,968438,267106,8,1
1,NewOrder,1763850275,001283,388924,11,1
2,Payment,1763850275,006448,397402,47,1
1,NewOrder,1763850275,023272,364785,10,1
2,Payment,1763850275,047710,773890,20,1
2,Payment,1763850275,057166,123470,26,1
5,StockLevel,1763850275,057222,304085,3,1
1,NewOrder,1763850275,063985,443852,46,1
2,Payment,1763850275,081307,350303,12,1
1,NewOrder,1763850275,095133,389956,30,1
1,NewOrder,1763850275,105259,256337,43,1
2,Payment,1763850275,150724,110447,28,1
2,Payment,1763850275,151283,312024,13,1
2,Payment,1763850275,151898,273969,17,1
1,NewOrder,1763850275,152199,818059,22,1
4,Delivery,1763850275,154363,150673,5,1
2,Payment,1763850275,171536,830697,23,1
3,OrderStatus,1763850275,180731,39068,26,1
2,Payment,1763850275,191290,332149,32,1
1,NewOrder,1763850275,191737,778813,21,1
2,Payment,1763850275,208140,154697,0,1
2,Payment,1763850275,214138,365715,33,1
1,NewOrder,1763850275,219840,325346,26,1
1,NewOrder,1763850275,231202,311345,18,1
1,NewOrder,1763850275,235579,93745,8,1
1,NewOrder,1763850275,240681,135007,9,1
1,NewOrder,1763850275,252759,231963,6,1
2,Payment,1763850275,261201,328523,28,1
2,Payment,1763850275,279582,370052,31,1
1,NewOrder,1763850275,295918,253022,15,1
1,NewOrder,1763850275,295996,188691,2,1
2,Payment,1763850275,296012,145260,35,1
2,Payment,1763850275,296092,135624,41,1
1,NewOrder,1763850275,296254,426158,37,1
1,NewOrder,1763850275,296714,305810,48,1
1,NewOrder,1763850275,296950,358265,7,1
1,NewOrder,1763850275,297906,358143,44,1
2,Payment,1763850275,305066,235903,5,1
2,Payment,1763850275,306907,322842,25,1
2,Payment,1763850275,314223,209073,4,1
2,Payment,1763850275,314895,152357,42,1
1,NewOrder,1763850275,329309,483984,34,1
2,Payment,1763850275,329346,326080,49,1
1,NewOrder,1763850275,329417,349339,8,1
2,Payment,1763850275,332525,153010,14,1
1,NewOrder,1763850275,337015,147578,1,1
2,Payment,1763850275,347719,234112,16,1
1,NewOrder,1763850275,359396,270049,39,1
1,NewOrder,1763850275,361336,350794,3,1
1,NewOrder,1763850275,361620,278460,43,1
2,Payment,1763850275,362865,389384,0,1
1,NewOrder,1763850275,371795,232631,45,1
1,NewOrder,1763850275,375722,401380,9,1
2,Payment,1763850275,388091,134855,10,1
1,NewOrder,1763850275,390235,393222,11,1
1,NewOrder,1763850275,390333,267998,40,1
2,Payment,1763850275,395531,233743,19,1
2,Payment,1763850275,403899,307994,47,1
1,NewOrder,1763850275,419495,235920,36,1
1,NewOrder,1763850275,425909,391047,17,1
1,NewOrder,1763850275,431647,229650,12,1
2,Payment,1763850275,431746,273593,41,1
2,Payment,1763850275,437518,227272,29,1
1,NewOrder,1763850275,441308,284825,35,1
2,Payment,1763850275,463347,355433,13,1
2,Payment,1763850275,467293,281110,42,1
2,Payment,1763850275,484640,311051,1,1
2,Payment,1763850275,484727,349990,2,1
1,NewOrder,1763850275,484808,252676,6,1
1,NewOrder,1763850275,485117,270294,30,1
2,Payment,1763850275,485558,368530,14,1
1,NewOrder,1763850275,494172,174498,38,1
2,Payment,1763850275,508200,244081,46,1
2,Payment,1763850275,522994,352442,10,1
2,Payment,1763850275,523329,414192,4,1
1,NewOrder,1763850275,523461,274160,32,1
5,StockLevel,1763850275,541021,119673,5,1
1,NewOrder,1763850275,542593,240457,18,1
1,NewOrder,1763850275,545227,250442,26,1
1,NewOrder,1763850275,548987,246681,15,1
1,NewOrder,1763850275,579901,219573,33,1
2,Payment,1763850275,581870,255751,16,1
2,Payment,1763850275,590138,241017,28,1
1,NewOrder,1763850275,602557,262244,48,1
1,NewOrder,1763850275,604467,353677,45,1
1,NewOrder,1763850275,629323,340953,19,1
2,Payment,1763850275,629485,122708,39,1
2,Payment,1763850275,629775,230668,25,1
2,Payment,1763850275,640124,157497,43,1
1,NewOrder,1763850275,649701,130207,31,1
2,Payment,1763850275,655266,142364,7,1
2,Payment,1763850275,655423,135633,36,1
2,Payment,1763850275,655464,341243,49,1
1,NewOrder,1763850275,656077,240429,44,1
1,NewOrder,1763850275,657531,409386,27,1
1,NewOrder,1763850275,658352,464411,40,1
2,Payment,1763850275,660729,173889,5,1
2,Payment,1763850275,661325,231643,12,1
2,Payment,1763850275,664830,283301,29,1
1,NewOrder,1763850275,668713,251363,38,1
2,Payment,1763850275,678798,206269,8,1
1,NewOrder,1763850275,705380,183531,41,1
2,Payment,1763850275,711929,324983,47,1
5,StockLevel,1763850275,712149,28845,3,1
2,Payment,1763850275,722472,400853,37,1
2,Payment,1763850275,726168,435644,35,1
2,Payment,1763850275,737516,333538,6,1
2,Payment,1763850275,741025,223613,3,1
4,Delivery,1763850275,748432,243073,42,1
1,NewOrder,1763850275,752225,344774,39,1
2,Payment,1763850275,752274,244515,0,1
1,NewOrder,1763850275,752299,379003,46,1
1,NewOrder,1763850275,755440,129546,30,1
1,NewOrder,1763850275,777134,607587,9,1
2,Payment,1763850275,779939,163205,31,1
1,NewOrder,1763850275,783085,233670,18,1
2,Payment,1763850275,783479,164021,11,1
2,Payment,1763850275,786600,232494,24,1
2,Payment,1763850275,791084,388646,36,1
4,Delivery,1763850275,795696,64688,15,1
1,NewOrder,1763850275,795696,271180,26,1
1,NewOrder,1763850275,795713,275333,1,1
1,NewOrder,1763850275,797666,152975,43,1
2,Payment,1763850275,797670,770840,7,1
2,Payment,1763850275,797687,196042,32,1
2,Payment,1763850275,799504,219526,33,1
1,NewOrder,1763850275,813332,292728,34,1
1,NewOrder,1763850275,816997,226204,17,1
1,NewOrder,1763850275,818827,243489,13,1
1,NewOrder,1763850275,821634,358215,20,1
1,NewOrder,1763850275,831188,296705,28,1
1,NewOrder,1763850275,834744,284227,2,1
1,NewOrder,1763850275,834816,322572,5,1
1,NewOrder,1763850275,837813,143273,16,1
1,NewOrder,1763850275,854114,212835,14,1
5,StockLevel,1763850275,860419,501402,15,1
1,NewOrder,1763850275,860473,226405,25,1
2,Payment,1763850275,864834,313884,48,1
1,NewOrder,1763850275,875474,211366,10,1
2,Payment,1763850275,885017,532999,30,1
5,StockLevel,1763850275,885096,349220,8,1
5,StockLevel,1763850275,888952,474583,41,1
2,Payment,1763850275,893002,229830,12,1
1,NewOrder,1763850275,896542,180108,44,1
1,NewOrder,1763850275,920118,747808,38,1
2,Payment,1763850275,937562,197553,4,1
2,Payment,1763850275,943184,688876,31,1
1,NewOrder,1763850275,947537,305439,11,1
2,Payment,1763850275,948158,224861,29,1
2,Payment,1763850275,950731,190796,43,1
3,OrderStatus,1763850275,958186,113977,45,1
1,NewOrder,1763850275,964712,102452,3,1
1,NewOrder,1763850275,970305,180432,22,1
2,Payment,1763850275,970312,100578,19,1
1,NewOrder,1763850275,970571,152350,21,1
2,Payment,1763850275,981126,198587,16,1
1,NewOrder,1763850275,991538,426447,42,1
1,NewOrder,1763850275,993763,167945,32,1
1,NewOrder,1763850275,996743,104874,49,1
1,NewOrder,1763850275,996806,421027,0,1
1,NewOrder,1763850276,002270,112115,23,1
2,Payment,1763850276,016791,213259,18,1
1,NewOrder,1763850276,019067,915953,33,1
3,OrderStatus,1763850276,019119,100238,24,1
1,NewOrder,1763850276,036940,527967,47,1
2,Payment,1763850276,043230,242378,17,1
2,Payment,1763850276,062350,298915,13,1
1,NewOrder,1763850276,066908,565152,26,1
2,Payment,1763850276,066924,189416,27,1
3,OrderStatus,1763850276,066968,51062,14,1
3,OrderStatus,1763850276,067183,52141,3,1
1,NewOrder,1763850276,070920,930662,19,1
1,NewOrder,1763850276,071075,632619,6,1
2,Payment,1763850276,071205,546297,1,1
2,Payment,1763850276,072186,592416,45,1
2,Payment,1763850276,076698,552580,44,1
1,NewOrder,1763850276,086880,110408,10,1
1,NewOrder,1763850276,086924,564687,25,1
2,Payment,1763850276,097027,603152,39,1
2,Payment,1763850276,101696,611485,49,1
2,Payment,1763850276,106094,859632,34,1
1,NewOrder,1763850276,114413,75915,23,1
1,NewOrder,1763850276,118062,550710,14,1
1,NewOrder,1763850276,118995,60879,2,1
1,NewOrder,1763850276,119347,133973,3,1
2,Payment,1763850276,119379,165738,24,1
1,NewOrder,1763850276,122795,59636,40,1
4,Delivery,1763850276,122854,554952,12,1
3,OrderStatus,1763850276,122925,74621,21,1
1,NewOrder,1763850276,123341,294763,37,1
1,NewOrder,1763850276,127924,575644,28,1
1,NewOrder,1763850276,131331,486711,46,1
1,NewOrder,1763850276,135210,673182,4,1
1,NewOrder,1763850276,141561,724692,43,1
4,Delivery,1763850276,150775,588007,22,1
5,StockLevel,1763850276,157469,507989,5,1
3,OrderStatus,1763850276,161741,21133,32,1
2,Payment,1763850276,161838,602275,35,1
2,Payment,1763850276,173055,592070,29,1
2,Payment,1763850276,178755,585895,48,1
2,Payment,1763850276,179741,897194,16,1
1,NewOrder,1763850276,179753,869267,36,1
2,Payment,1763850276,179864,238647,20,1
4,Delivery,1763850276,179879,568296,2,1
1,NewOrder,1763850276,182459,530594,40,1
2,Payment,1763850276,182898,844764,32,1
2,Payment,1763850276,190381,404700,23,1
1,NewOrder,1763850276,197318,654788,10,1
1,NewOrder,1763850276,197568,540234,21,1
1,NewOrder,1763850276,230105,387041,18,1
2,Payment,1763850276,234361,530055,8,1
2,Payment,1763850276,253017,687339,11,1
2,Payment,1763850276,253352,744568,3,1
1,NewOrder,1763850276,256382,719260,27,1
1,NewOrder,1763850276,285160,642154,24,1
2,Payment,1763850276,285630,866035,17,1
2,Payment,1763850276,361315,614327,13,1
5,StockLevel,1763850276,361851,19094,15,1
1,NewOrder,1763850276,363566,402201,41,1
2,Payment,1763850276,380986,861004,15,1
3,OrderStatus,1763850276,384753,245054,9,1
1,NewOrder,1763850276,417880,537177,0,1
4,Delivery,1763850276,418027,233055,30,1
1,NewOrder,1763850276,418031,349107,42,1
2,Payment,1763850276,418112,692288,37,1
1,NewOrder,1763850276,418529,700849,20,1
2,Payment,1763850276,564947,263823,47,1
2,Payment,1763850276,568615,351148,7,1
1,NewOrder,1763850276,595127,201496,23,1
1,NewOrder,1763850276,617182,783790,18,1
2,Payment,1763850276,617526,479859,1,1
1,NewOrder,1763850276,618063,383413,46,1
1,NewOrder,1763850276,629349,253616,44,1
1,NewOrder,1763850276,629834,441554,9,1
1,NewOrder,1763850276,632092,603556,31,1
1,NewOrder,1763850276,632099,439461,26,1
2,Payment,1763850276,651148,678595,30,1
1,NewOrder,1763850276,651636,369088,25,1
1,NewOrder,1763850276,664634,404286,45,1
1,NewOrder,1763850276,665489,438261,5,1
1,NewOrder,1763850276,667975,365540,38,1
2,Payment,1763850276,668838,364849,14,1
1,NewOrder,1763850276,677844,485993,12,1
2,Payment,1763850276,700218,483093,39,1
1,NewOrder,1763850276,703609,268035,28,1
1,NewOrder,1763850276,703732,337211,6,1
3,OrderStatus,1763850276,713097,101177,40,1
1,NewOrder,1763850276,713211,288264,49,1
1,NewOrder,1763850276,737853,286174,21,1
1,NewOrder,1763850276,738822,222320,22,1
2,Payment,1763850276,748231,382954,2,1
2,Payment,1763850276,764155,519376,35,1
2,Payment,1763850276,764445,370396,8,1
1,NewOrder,1763850276,764715,385907,48,1
1,NewOrder,1763850276,765145,386826,29,1
1,NewOrder,1763850276,765792,345162,41,1
2,Payment,1763850276,767170,159765,42,1
3,OrderStatus,1763850276,797934,78246,23,1
3,OrderStatus,1763850276,808446,92457,4,1
5,StockLevel,1763850276,814322,203260,40,1
2,Payment,1763850276,828817,424398,47,1
1,NewOrder,1763850276,852159,342874,10,1
4,Delivery,1763850276,866307,387467,43,1
2,Payment,1763850276,876238,310990,23,1
2,Payment,1763850276,883011,260549,44,1
2,Payment,1763850276,900946,286290,4,1
1,NewOrder,1763850276,919811,333993,7,1
1,NewOrder,1763850276,926975,404729,42,1
1,NewOrder,1763850276,927343,477892,24,1
2,Payment,1763850276,935060,474472,33,1
2,Payment,1763850276,940401,311227,11,1
1,NewOrder,1763850276,955095,485374,0,1
1,NewOrder,1763850276,961207,545421,22,1
1,NewOrder,1763850276,965757,304444,34,1
1,NewOrder,1763850276,971712,163761,28,1
1,NewOrder,1763850276,975689,177805,27,1
2,Payment,1763850276,975692,317372,13,1
1,NewOrder,1763850276,997952,423028,3,1
2,Payment,1763850277,001514,372044,46,1
1,NewOrder,1763850277,001515,522210,49,1
2,Payment,1763850277,001615,504956,19,1
1,NewOrder,1763850277,017616,470805,40,1
1,NewOrder,1763850277,020759,221471,25,1
2,Payment,1763850277,024078,504557,21,1
2,Payment,1763850277,027716,426360,32,1
2,Payment,1763850277,033544,305736,38,1
1,NewOrder,1763850277,033703,437356,14,1
5,StockLevel,1763850277,040979,278698,6,1
2,Payment,1763850277,049079,351951,36,1
1,NewOrder,1763850277,068950,604566,45,1
2,Payment,1763850277,071423,337463,9,1
1,NewOrder,1763850277,071581,87057,26,1
1,NewOrder,1763850277,076969,279014,16,1
2,Payment,1763850277,097418,397591,1,1
1,NewOrder,1763850277,103792,228329,5,1
2,Payment,1763850277,110439,337450,37,1
2,Payment,1763850277,110979,412589,41,1
1,NewOrder,1763850277,119413,301517,20,1
1,NewOrder,1763850277,131217,261067,2,1
2,Payment,1763850277,134880,309030,8,1
1,NewOrder,1763850277,135499,110467,28,1
2,Payment,1763850277,143609,414921,44,1
4,Delivery,1763850277,150756,393471,48,1
1,NewOrder,1763850277,151694,312840,17,1
2,Payment,1763850277,151992,147725,29,1
5,StockLevel,1763850277,153528,285046,27,1
1,NewOrder,1763850277,158742,312250,26,1
1,NewOrder,1763850277,163880,370347,12,1
1,NewOrder,1763850277,183361,378591,39,1
2,Payment,1763850277,187266,364755,23,1
4,Delivery,1763850277,187274,354443,4,1
1,NewOrder,1763850277,195085,303836,10,1
2,Payment,1763850277,235707,262018,31,1
2,Payment,1763850277,242034,287907,15,1
1,NewOrder,1763850277,242270,175302,25,1
2,Payment,1763850277,246018,270734,28,1
4,Delivery,1763850277,251691,173454,11,1
2,Payment,1763850277,253252,541536,47,1
1,NewOrder,1763850277,253804,430308,43,1
2,Payment,1763850277,253830,246587,7,1
2,Payment,1763850277,270231,253243,34,1
1,NewOrder,1763850277,283579,302766,35,1
2,Payment,1763850277,293095,265554,13,1
1,NewOrder,1763850277,299755,291841,29,1
1,NewOrder,1763850277,319709,238824,6,1
4,Delivery,1763850277,329773,105919,30,1
2,Payment,1763850277,331734,632374,42,1
2,Payment,1763850277,332145,335917,5,1
2,Payment,1763850277,339308,322505,38,1
2,Payment,1763850277,356015,202526,16,1
2,Payment,1763850277,373591,517531,46,1
1,NewOrder,1763850277,392310,281208,2,1
1,NewOrder,1763850277,401043,341941,18,1
2,Payment,1763850277,401087,438044,36,1
1,NewOrder,1763850277,405267,274074,24,1
2,Payment,1763850277,408916,479804,9,1
2,Payment,1763850277,409555,149175,33,1
2,Payment,1763850277,417603,250451,25,1
2,Payment,1763850277,420985,493305,20,1
1,NewOrder,1763850277,421001,178177,3,1
2,Payment,1763850277,425178,199038,11,1
2,Payment,1763850277,435722,177451,30,1
1,NewOrder,1763850277,438610,152983,27,1
1,NewOrder,1763850277,440498,244465,0,1
1,NewOrder,1763850277,444044,183643,8,1
4,Delivery,1763850277,447923,147211,37,1
1,NewOrder,1763850277,454109,437319,32,1
1,NewOrder,1763850277,464567,224650,17,1
1,NewOrder,1763850277,471093,167585,26,1
1,NewOrder,1763850277,471094,443794,14,1
1,NewOrder,1763850277,488479,429829,40,1
2,Payment,1763850277,495044,419304,1,1
2,Payment,1763850277,497766,478301,31,1
2,Payment,1763850277,498956,476866,10,1
2,Payment,1763850277,500452,437096,7,1
2,Payment,1763850277,506609,402200,19,1
1,NewOrder,1763850277,506666,332449,22,1
2,Payment,1763850277,516781,167397,28,1
1,NewOrder,1763850277,523503,425575,34,1
1,NewOrder,1763850277,523591,155824,41,1
1,NewOrder,1763850277,523741,733947,49,1
1,NewOrder,1763850277,528761,144790,21,1
2,Payment,1763850277,529969,414473,15,1
1,NewOrder,1763850277,534257,304893,12,1
1,NewOrder,1763850277,541751,716033,4,1
1,NewOrder,1763850277,544256,501419,48,1
2,Payment,1763850277,552050,404488,23,1
2,Payment,1763850277,558562,409271,6,1
2,Payment,1763850277,558564,421501,16,1
1,NewOrder,1763850277,558565,691842,44,1
2,Payment,1763850277,558699,453908,13,1
2,Payment,1763850277,558747,459997,33,1
2,Payment,1763850277,562084,381791,39,1
1,NewOrder,1763850277,586378,505673,35,1
1,NewOrder,1763850277,591625,323193,27,1
1,NewOrder,1763850277,591626,299475,29,1
5,StockLevel,1763850277,595188,495668,37,1
2,Payment,1763850277,599204,698792,3,1
2,Payment,1763850277,613214,465234,30,1
1,NewOrder,1763850277,624280,634115,11,1
4,Delivery,1763850277,627734,524512,8,1
1,NewOrder,1763850277,638718,305169,26,1
1,NewOrder,1763850277,661846,544643,38,1
1,NewOrder,1763850277,668083,222955,25,1
2,Payment,1763850277,668085,351720,5,1
2,Payment,1763850277,673544,759974,2,1
1,NewOrder,1763850277,673545,294247,45,1
2,Payment,1763850277,673568,401592,21,1
1,NewOrder,1763850277,679376,668628,24,1
2,Payment,1763850277,679429,614670,41,1
1,NewOrder,1763850277,684154,584943,43,1
2,Payment,1763850277,684193,283556,28,1
2,Payment,1763850277,684987,796985,0,1
1,NewOrder,1763850277,689250,502592,17,1
2,Payment,1763850277,743043,647138,18,1
1,NewOrder,1763850277,794829,332656,47,1
2,Payment,1763850277,839200,402465,36,1
1,NewOrder,1763850277,839208,355931,12,1
2,Payment,1763850277,839296,537028,22,1
2,Payment,1763850277,888765,187434,9,1
2,Payment,1763850277,891076,172925,25,1
2,Payment,1763850277,891126,126721,29,1
2,Payment,1763850277,891141,406548,46,1
2,Payment,1763850277,891450,237793,32,1
1,NewOrder,1763850277,908846,426161,19,1
2,Payment,1763850277,914331,490041,20,1
1,NewOrder,1763850277,914388,702536,1,1
1,NewOrder,1763850277,914839,449286,27,1
2,Payment,1763850277,914914,417346,14,1
1,NewOrder,1763850277,918340,318092,40,1
5,StockLevel,1763850277,937591,206129,7,1
1,NewOrder,1763850277,943924,322745,26,1
1,NewOrder,1763850277,943966,391544,39,1
2,Payment,1763850277,944465,473725,15,1
2,Payment,1763850277,949118,228217,34,1
2,Payment,1763850277,956588,500610,23,1
2,Payment,1763850277,964200,385662,42,1
2,Payment,1763850277,967795,444311,28,1
2,Payment,1763850277,967835,382967,45,1
1,NewOrder,1763850277,967856,377526,6,1
2,Payment,1763850277,975865,474560,10,1
1,NewOrder,1763850277,976087,408049,31,1
3,OrderStatus,1763850277,980113,77157,16,1
1,NewOrder,1763850278,012643,706943,13,1
5,StockLevel,1763850278,017887,282520,29,1
2,Payment,1763850278,018783,730523,33,1
1,NewOrder,1763850278,019834,331707,5,1
2,Payment,1763850278,045725,362624,48,1
2,Payment,1763850278,057313,418122,16,1
1,NewOrder,1763850278,064080,536539,25,1
1,NewOrder,1763850278,075201,672164,21,1
1,NewOrder,1763850278,076232,294299,9,1
1,NewOrder,1763850278,078485,623632,30,1
2,Payment,1763850278,091211,500543,37,1
1,NewOrder,1763850278,092075,266223,35,1
1,NewOrder,1763850278,127545,581928,47,1
4,Delivery,1763850278,129269,324107,32,1
3,OrderStatus,1763850278,143750,33657,7,1
1,NewOrder,1763850278,152278,212015,8,1
2,Payment,1763850278,177367,620392,34,1
1,NewOrder,1763850278,177433,214686,7,1
2,Payment,1763850278,191876,320352,17,1
2,Payment,1763850278,195213,567960,12,1
1,NewOrder,1763850278,206521,297329,38,1
1,NewOrder,1763850278,236466,355351,40,1
2,Payment,1763850278,241697,428567,36,1
3,OrderStatus,1763850278,250439,61151,44,1
1,NewOrder,1763850278,257716,334026,49,1
1,NewOrder,1763850278,257805,566093,4,1
4,Delivery,1763850278,258408,208682,11,1
1,NewOrder,1763850278,266703,321625,26,1
1,NewOrder,1763850278,269128,264156,43,1
1,NewOrder,1763850278,294130,155663,41,1
2,Payment,1763850278,297742,465192,46,1
2,Payment,1763850278,298024,568760,3,1
1,NewOrder,1763850278,300437,276151,29,1
2,Payment,1763850278,311616,321587,44,1
1,NewOrder,1763850278,332384,259327,14,1
2,Payment,1763850278,335041,222032,19,1
2,Payment,1763850278,335532,465981,39,1
3,OrderStatus,1763850278,345418,70125,6,1
1,NewOrder,1763850278,348039,479284,24,1
1,NewOrder,1763850278,349895,441647,42,1
2,Payment,1763850278,350832,498324,45,1
2,Payment,1763850278,351565,99102,5,1
1,NewOrder,1763850278,358332,618798,35,1
3,OrderStatus,1763850278,364172,99089,27,1
2,Payment,1763850278,364323,144595,8,1
2,Payment,1763850278,370560,190759,9,1
1,NewOrder,1763850278,376355,197764,22,1
1,NewOrder,1763850278,384168,524694,31,1
2,Payment,1763850278,390218,205787,18,1
1,NewOrder,1763850278,392149,317198,7,1
1,NewOrder,1763850278,404403,196389,20,1
1,NewOrder,1763850278,408380,604034,48,1
1,NewOrder,1763850278,412135,207087,28,1
1,NewOrder,1763850278,415577,428449,6,1
1,NewOrder,1763850278,418222,506289,15,1
2,Payment,1763850278,433548,494121,2,1
1,NewOrder,1763850278,449827,418734,41,1
1,NewOrder,1763850278,450448,582862,10,1
2,Payment,1763850278,450689,451716,5,1
1,NewOrder,1763850278,453406,568720,32,1
5,StockLevel,1763850278,457253,370016,23,1
2,Payment,1763850278,463316,249997,27,1
4,Delivery,1763850278,467122,101368,11,1
1,NewOrder,1763850278,475464,322823,16,1
2,Payment,1763850278,482004,495186,0,1
2,Payment,1763850278,503882,543344,38,1
2,Payment,1763850278,508950,452154,8,1
1,NewOrder,1763850278,512259,245168,17,1
1,NewOrder,1763850278,533320,418968,43,1
1,NewOrder,1763850278,557108,208432,19,1
2,Payment,1763850278,561842,521700,9,1
2,Payment,1763850278,568520,580884,11,1
5,StockLevel,1763850278,574155,322381,22,1
1,NewOrder,1763850278,576627,348550,29,1
2,Payment,1763850278,588996,381269,26,1
1,NewOrder,1763850278,591756,404146,14,1
1,NewOrder,1763850278,591761,430365,49,1
1,NewOrder,1763850278,591797,430467,37,1
1,NewOrder,1763850278,591844,235565,40,1
1,NewOrder,1763850278,596024,291749,18,1
2,Payment,1763850278,600841,276901,20,1
1,NewOrder,1763850278,600875,226733,25,1
3,OrderStatus,1763850278,616970,57740,1,1
2,Payment,1763850278,619244,513639,28,1
2,Payment,1763850278,633257,473386,44,1
2,Payment,1763850278,670293,453051,36,1
2,Payment,1763850278,674756,352382,1,1
2,Payment,1763850278,702166,452966,30,1
1,NewOrder,1763850278,709390,507919,7,1
2,Payment,1763850278,709514,553625,47,1
1,NewOrder,1763850278,713354,542867,27,1
2,Payment,1763850278,719627,465321,13,1
2,Payment,1763850278,747393,205378,21,1
1,NewOrder,1763850278,749332,246556,33,1
1,NewOrder,1763850278,757481,254805,17,1
1,NewOrder,1763850278,762971,386428,46,1
1,NewOrder,1763850278,763199,524605,12,1
1,NewOrder,1763850278,765565,211358,19,1
1,NewOrder,1763850278,791571,409966,42,1
5,StockLevel,1763850278,797793,494178,34,1
2,Payment,1763850278,798321,243778,16,1
1,NewOrder,1763850278,801548,691844,39,1
1,NewOrder,1763850278,823945,386760,4,1
2,Payment,1763850278,827316,178436,23,1
2,Payment,1763850278,827366,154657,24,1
2,Payment,1763850278,827431,444639,40,1
2,Payment,1763850278,827998,460421,25,1
2,Payment,1763850278,844072,385740,6,1
1,NewOrder,1763850278,849197,614770,45,1
1,NewOrder,1763850278,866832,371426,3,1
2,Payment,1763850278,868604,469625,41,1
2,Payment,1763850278,877787,149201,20,1
1,NewOrder,1763850278,887825,357650,18,1
2,Payment,1763850278,897333,241448,22,1
2,Payment,1763850278,902454,376590,5,1
1,NewOrder,1763850278,909523,400633,31,1
1,NewOrder,1763850278,924557,218354,15,1
2,Payment,1763850278,925209,432312,29,1
2,Payment,1763850278,927708,335516,2,1
4,Delivery,1763850278,952336,390485,43,1
2,Payment,1763850278,952797,206156,21,1
2,Payment,1763850278,961144,337815,8,1
2,Payment,1763850278,970292,416764,26,1
1,NewOrder,1763850278,976954,186716,19,1
2,Payment,1763850278,977155,617745,35,1
2,Payment,1763850278,977211,317030,0,1
2,Payment,1763850278,982060,212534,24,1
2,Payment,1763850278,995916,397687,33,1
1,NewOrder,1763850278,995920,310022,14,1
5,StockLevel,1763850279,005781,380292,23,1
2,Payment,1763850279,012317,286301,17,1
1,NewOrder,1763850279,012434,345265,48,1
1,NewOrder,1763850279,022164,335315,49,1
1,NewOrder,1763850279,022166,249835,32,1
2,Payment,1763850279,022279,656644,37,1
2,Payment,1763850279,027025,236344,20,1
2,Payment,1763850279,027174,330715,1,1
1,NewOrder,1763850279,033339,254686,10,1
2,Payment,1763850279,042142,277102,16,1
1,NewOrder,1763850279,047269,157646,38,1
2,Payment,1763850279,083575,284438,9,1
1,NewOrder,1763850279,106688,334169,44,1
2,Payment,1763850279,123379,617632,36,1
2,Payment,1763850279,132914,307919,28,1
2,Payment,1763850279,138814,167079,22,1
1,NewOrder,1763850279,142942,273599,15,1
1,NewOrder,1763850279,149433,204611,11,1
1,NewOrder,1763850279,149436,233389,46,1
3,OrderStatus,1763850279,155163,28907,30,1
1,NewOrder,1763850279,158985,939758,21,1
2,Payment,1763850279,163703,296425,19,1
2,Payment,1763850279,184103,321100,30,1
1,NewOrder,1763850279,184975,114096,13,1
4,Delivery,1763850279,194624,677362,24,1
1,NewOrder,1763850279,201575,305975,42,1
2,Payment,1763850279,204953,578504,38,1
3,OrderStatus,1763850279,210737,59878,4,1
2,Payment,1763850279,217337,169506,7,1
5,StockLevel,1763850279,229921,351894,6,1
1,NewOrder,1763850279,238302,297118,3,1
2,Payment,1763850279,245515,246736,18,1
4,Delivery,1763850279,256272,444263,27,1
1,NewOrder,1763850279,263181,100156,47,1
2,Payment,1763850279,263269,301295,2,1
5,StockLevel,1763850279,263396,404530,20,1
2,Payment,1763850279,270723,338094,4,1
1,NewOrder,1763850279,272041,383580,32,1
2,Payment,1763850279,272103,265164,40,1
2,Payment,1763850279,279074,159131,5,1
2,Payment,1763850279,287847,126203,12,1
1,NewOrder,1763850279,288043,443513,10,1
1,NewOrder,1763850279,288439,517922,25,1
1,NewOrder,1763850279,292019,384126,34,1
4,Delivery,1763850279,294276,48329,0,1
2,Payment,1763850279,298804,229993,17,1
4,Delivery,1763850279,298978,514319,8,1
1,NewOrder,1763850279,299085,295884,13,1
1,NewOrder,1763850279,305930,144272,22,1
1,NewOrder,1763850279,305974,289549,14,1
2,Payment,1763850279,310191,523098,31,1
2,Payment,1763850279,319276,270816,16,1
5,StockLevel,1763850279,338259,421741,41,1
2,Payment,1763850279,342641,303859,0,1
2,Payment,1763850279,342838,281461,43,1
2,Payment,1763850279,354073,434297,11,1
4,Delivery,1763850279,357509,703341,49,1
1,NewOrder,1763850279,357534,501893,29,1
2,Payment,1763850279,357722,130073,48,1
5,StockLevel,1763850279,357903,442496,1,1
1,NewOrder,1763850279,363363,352778,47,1
3,OrderStatus,1763850279,368047,18199,9,1
1,NewOrder,1763850279,382856,280829,46,1
1,NewOrder,1763850279,386105,486169,23,1
2,Payment,1763850279,386271,293022,9,1
1,NewOrder,1763850279,386865,242188,7,1
2,Payment,1763850279,387078,519370,26,1
1,NewOrder,1763850279,393633,406005,33,1
2,Payment,1763850279,414083,428038,12,1
2,Payment,1763850279,416571,311850,15,1
1,NewOrder,1763850279,438236,504607,5,1
1,NewOrder,1763850279,440858,620321,28,1
1,NewOrder,1763850279,440885,409513,44,1
1,NewOrder,1763850279,450385,611059,22,1
2,Payment,1763850279,460175,362911,19,1
5,StockLevel,1763850279,464042,389183,45,1
1,NewOrder,1763850279,487831,155225,48,1
1,NewOrder,1763850279,492337,436172,18,1
1,NewOrder,1763850279,493420,394544,39,1
2,Payment,1763850279,505237,355195,30,1
2,Payment,1763850279,507590,399599,42,1
2,Payment,1763850279,528831,449419,17,1
2,Payment,1763850279,535456,161697,3,1
2,Payment,1763850279,537468,436856,40,1
1,NewOrder,1763850279,564593,281723,2,1
2,Payment,1763850279,582005,415830,6,1
2,Payment,1763850279,590122,436273,16,1
2,Payment,1763850279,594923,360663,35,1
1,NewOrder,1763850279,594991,862262,13,1
2,Payment,1763850279,595543,315220,14,1
2,Payment,1763850279,608847,315194,4,1
2,Payment,1763850279,624345,400391,43,1
1,NewOrder,1763850279,629079,299193,7,1
1,NewOrder,1763850279,643086,336676,48,1
2,Payment,1763850279,646546,351043,0,1
2,Payment,1763850279,655715,252923,32,1
1,NewOrder,1763850279,663734,899436,46,1
1,NewOrder,1763850279,667970,392960,20,1
2,Payment,1763850279,676193,314278,34,1
5,StockLevel,1763850279,678968,254015,37,1
3,OrderStatus,1763850279,679327,41774,9,1
1,NewOrder,1763850279,697211,507515,3,1
1,NewOrder,1763850279,700576,430031,27,1
1,NewOrder,1763850279,716187,151453,47,1
2,Payment,1763850279,721149,327764,9,1
2,Payment,1763850279,728468,332312,15,1
1,NewOrder,1763850279,731601,575598,10,1
2,Payment,1763850279,741057,307793,36,1
1,NewOrder,1763850279,760045,966784,41,1
1,NewOrder,1763850279,783483,943124,38,1
1,NewOrder,1763850279,788410,260796,11,1
1,NewOrder,1763850279,799721,507424,33,1
1,NewOrder,1763850279,800429,503303,1,1
2,Payment,1763850279,806393,604366,25,1
2,Payment,1763850279,813339,272935,8,1
2,Payment,1763850279,823124,291941,19,1
2,Payment,1763850279,833334,1222500,31,1
1,NewOrder,1763850279,842181,267631,12,1
2,Payment,1763850279,846359,769494,2,1
1,NewOrder,1763850279,850447,511545,44,1
1,NewOrder,1763850279,853297,706698,45,1
2,Payment,1763850279,859456,867015,29,1
2,Payment,1763850279,860467,1360381,30,1
2,Payment,1763850279,867713,965469,47,1
3,OrderStatus,1763850279,872032,26452,24,1
4,Delivery,1763850279,872312,270267,23,1
2,Payment,1763850279,888020,1277785,39,1
2,Payment,1763850279,898529,336573,24,1
2,Payment,1763850279,906504,1203945,26,1
5,StockLevel,1763850279,907233,206347,42,1
1,NewOrder,1763850279,908697,922267,32,1
2,Payment,1763850279,910803,922714,14,1
1,NewOrder,1763850279,924095,380747,4,1
1,NewOrder,1763850279,928317,1126266,7,1
2,Payment,1763850279,928549,483309,18,1
1,NewOrder,1763850279,933026,899152,37,1
5,StockLevel,1763850279,955628,280825,35,1
2,Payment,1763850279,974364,1079403,40,1
1,NewOrder,1763850279,978420,1592916,17,1
1,NewOrder,1763850279,979798,1507106,48,1
2,Payment,1763850279,997620,777138,0,1
1,NewOrder,1763850279,997862,719623,6,1
2,Payment,1763850280,024768,1196080,43,1
1,NewOrder,1763850280,026425,1248834,16,1
1,NewOrder,1763850280,048934,1168327,9,1
2,Payment,1763850280,049219,1226155,11,1
1,NewOrder,1763850280,060839,878515,15,1
1,NewOrder,1763850280,060872,1430417,49,1
2,Payment,1763850280,060935,665536,20,1
1,NewOrder,1763850280,061185,1213822,28,1
1,NewOrder,1763850280,061495,1429761,22,1
1,NewOrder,1763850280,098790,1275973,21,1
2,Payment,1763850280,109867,1381389,12,1
1,NewOrder,1763850280,113626,1635931,42,1
2,Payment,1763850280,115104,1582295,19,1
2,Payment,1763850280,130690,1445150,27,1
1,NewOrder,1763850280,142633,1182716,23,1
1,NewOrder,1763850280,204772,1070783,3,1
1,NewOrder,1763850280,235153,1040867,24,1
5,StockLevel,1763850280,236481,879485,35,1
2,Payment,1763850280,303771,1336933,1,1
2,Payment,1763850280,304870,1186397,4,1
2,Payment,1763850280,307233,1389698,10,1
4,Delivery,1763850280,410797,421583,25,1
2,Payment,1763850280,560049,1111286,45,1
1,NewOrder,1763850280,726518,549659,29,1
2,Payment,1763850280,832422,864198,25,1
